a01	a02	a03	a04	a05	a06	a07	a08	a09	a10	a11	a12	a13	a14	a15	a16	a17	a18	a19	a20	a21	a22	a23	a24	a25	a26	a27	a28	a29	a30	a31	a32	a33	a34	class
1.00	0.00	1.00	-0.06	0.85	0.02	0.83	-0.38	1.00	0.04	0.85	-0.18	0.60	-0.45	0.61	-0.38	0.84	-0.39	0.58	-0.32	0.57	-0.30	0.37	-0.47	0.57	-0.51	0.41	-0.46	0.21	-0.34	0.42	-0.54	0.19	-0.45	g
1.00	0.00	1.00	-0.19	0.93	-0.36	-0.11	-0.94	1.00	-0.05	0.51	-0.68	0.34	-0.70	-0.52	-0.98	0.05	-0.62	0.33	-1.00	-0.13	-0.45	-0.18	-0.36	-0.20	-0.27	-0.20	-0.18	-0.19	-0.12	-0.17	-0.06	-0.14	-0.02	b
1.00	0.00	1.00	-0.03	1.00	0.00	1.00	-0.12	0.89	0.01	0.73	0.05	0.85	0.01	0.55	0.00	0.84	-0.14	0.76	-0.09	0.71	-0.28	0.43	-0.12	0.58	-0.40	0.59	-0.22	0.43	-0.17	0.60	-0.24	0.56	-0.38	g
1.00	0.00	1.00	-0.45	1.00	1.00	0.71	-1.00	0.00	0.00	0.00	0.00	0.00	0.00	-1.00	0.15	0.54	-0.39	-1.00	-0.54	-0.70	1.00	0.00	0.00	1.00	0.91	0.52	1.00	1.00	-0.20	0.26	1.00	-0.32	1.00	b
1.00	0.00	1.00	-0.02	0.94	0.07	0.92	-0.23	0.77	-0.16	0.53	-0.20	0.56	-0.01	0.34	-0.27	0.53	-0.22	0.45	-0.18	0.06	-0.36	0.02	-0.53	0.03	-0.65	0.13	-0.53	0.02	-0.62	-0.06	-0.60	-0.05	-0.66	g
1.00	0.00	0.02	-0.01	-0.10	-0.12	-0.01	-0.12	0.15	0.07	0.04	-0.06	0.00	0.00	-0.05	-0.16	0.00	-0.10	-0.12	-0.05	0.02	0.04	0.02	0.01	0.04	-0.02	-0.03	0.09	-0.08	0.01	0.00	0.00	0.00	0.12	b
1.00	0.00	0.98	-0.11	0.95	-0.21	0.93	-0.28	0.86	-0.27	0.80	-0.48	0.78	-0.51	0.75	-0.61	0.58	-0.68	0.38	-0.74	0.36	-0.77	0.32	-0.80	0.23	-0.82	0.14	-0.83	0.05	-0.82	-0.04	-0.81	-0.14	-0.81	g
0.00	0.00	0.00	0.00	0.00	0.00	1.00	-1.00	0.00	0.00	-1.00	-1.00	0.00	0.00	0.00	0.00	1.00	1.00	-1.00	-1.00	0.00	0.00	0.00	0.00	1.00	1.00	1.00	1.00	0.00	0.00	1.00	1.00	0.00	0.00	b
1.00	0.00	0.96	-0.07	1.00	-0.14	1.00	-0.21	1.00	-0.36	0.93	-0.44	0.95	-0.41	0.90	-0.46	0.98	-0.35	0.85	-0.66	0.75	-0.61	0.70	-0.64	0.85	-0.65	0.58	-0.70	0.25	-0.64	0.45	-0.73	0.39	-0.73	g
1.00	0.00	-0.02	-0.08	0.00	0.00	0.00	0.00	0.11	-0.27	-0.46	-0.38	0.00	0.00	-0.34	0.39	-0.37	0.15	0.64	0.22	0.00	0.00	0.00	0.00	-0.15	-0.01	0.21	-0.02	0.00	0.00	0.17	0.24	-0.08	0.38	b
1.00	0.00	1.00	0.07	1.00	-0.18	1.00	-0.27	1.00	-0.43	1.00	-0.41	0.96	-0.52	0.91	-0.59	0.89	-0.66	0.70	-0.71	0.71	-0.76	0.63	-0.81	0.56	-0.89	0.47	-0.87	0.40	-0.84	0.31	-0.89	0.23	-0.89	g
1.00	0.00	1.00	-0.54	1.00	-1.00	1.00	-1.00	1.00	0.36	1.00	-0.41	1.00	1.00	1.00	-1.00	1.00	-0.29	1.00	-0.94	1.00	1.00	1.00	1.00	1.00	-0.41	1.00	-0.63	1.00	-1.00	1.00	-1.00	1.00	-1.00	b
1.00	0.00	1.00	-0.16	1.00	-0.10	1.00	-0.15	1.00	-0.19	0.94	-0.35	0.96	-0.30	0.94	-0.34	0.94	-0.28	0.90	-0.43	0.86	-0.47	0.83	-0.51	0.84	-0.47	0.76	-0.58	0.66	-0.69	0.69	-0.65	0.65	-0.67	g
1.00	0.00	1.00	-0.87	1.00	0.22	0.85	-0.40	1.00	-0.12	1.00	0.35	1.00	0.08	1.00	-0.15	1.00	-1.00	1.00	-1.00	0.62	0.16	1.00	0.62	1.00	-0.17	1.00	0.36	1.00	-0.66	1.00	0.88	1.00	-0.19	b
1.00	0.00	1.00	0.07	1.00	0.03	1.00	-0.06	1.00	0.09	1.00	0.20	1.00	0.20	1.00	0.13	1.00	0.11	1.00	0.27	1.00	0.45	1.00	0.42	1.00	0.20	1.00	0.37	0.96	0.49	1.00	0.32	1.00	0.47	g
1.00	0.00	0.51	-0.94	1.00	0.27	-0.04	-1.00	1.00	-1.00	0.44	-1.00	0.00	0.00	-1.00	-0.34	-0.38	0.04	1.00	-1.00	0.00	0.00	0.00	0.00	-0.16	0.92	0.40	0.27	0.00	0.00	1.00	0.23	0.00	0.00	b
1.00	0.00	1.00	0.06	1.00	-0.01	0.98	0.02	0.96	0.02	0.99	0.08	0.89	0.10	0.94	0.05	0.89	0.11	0.86	0.09	0.82	0.12	0.84	0.14	0.81	0.13	0.79	0.14	0.79	0.15	0.77	0.16	0.71	0.12	g
0.00	0.00	0.00	0.00	-1.00	-1.00	1.00	1.00	-1.00	1.00	-1.00	1.00	1.00	-1.00	1.00	1.00	-1.00	-1.00	-1.00	1.00	1.00	-1.00	-1.00	1.00	-1.00	1.00	1.00	-1.00	-1.00	1.00	-1.00	-1.00	1.00	-1.00	b
1.00	0.00	0.67	0.03	0.67	0.05	0.57	0.19	0.09	0.34	0.64	0.12	0.62	0.14	0.79	0.11	0.58	0.18	0.14	0.41	0.54	0.21	0.51	0.23	0.49	0.24	0.46	0.25	0.43	0.25	0.41	0.26	1.00	0.33	g
0.00	0.00	1.00	-1.00	0.00	0.00	0.00	0.00	1.00	1.00	1.00	-1.00	-0.72	1.00	0.00	0.00	-1.00	1.00	1.00	1.00	-1.00	1.00	1.00	0.56	-1.00	1.00	1.00	1.00	1.00	-1.00	1.00	1.00	1.00	1.00	b
1.00	0.00	1.00	-0.01	1.00	-0.10	1.00	-0.08	1.00	-0.11	1.00	-0.11	1.00	-0.39	1.00	-0.16	0.92	-0.32	0.86	-0.35	0.92	-0.44	0.96	-0.47	0.82	-0.40	0.83	-0.42	0.76	-0.38	0.80	-0.41	0.74	-0.45	g
0.00	0.00	1.00	1.00	0.00	0.00	0.00	0.00	-1.00	-1.00	0.00	0.00	0.00	0.00	-1.00	-1.00	-1.00	-1.00	-1.00	1.00	-1.00	1.00	0.00	0.00	0.00	0.00	1.00	-1.00	-1.00	1.00	-1.00	1.00	-1.00	1.00	b
1.00	0.00	0.96	0.07	1.00	0.04	1.00	0.09	0.90	-0.05	0.89	0.03	0.83	-0.06	0.88	0.10	0.77	0.00	0.75	-0.05	0.66	-0.08	0.64	-0.06	0.56	-0.08	0.58	-0.02	0.50	-0.01	0.51	0.00	0.52	0.00	g
0.00	0.00	-1.00	1.00	0.00	0.00	0.00	0.00	-1.00	1.00	1.00	1.00	0.00	0.00	0.00	0.00	1.00	-1.00	-1.00	1.00	1.00	1.00	0.00	0.00	-1.00	-1.00	1.00	-1.00	1.00	1.00	-1.00	1.00	0.00	0.00	b
1.00	0.00	1.00	-0.06	1.00	0.03	1.00	-0.05	1.00	-0.02	1.00	-0.12	0.84	-0.05	0.93	-0.07	0.69	-0.07	0.66	-0.20	0.95	-0.32	0.81	-0.32	0.85	-0.35	0.73	-0.29	0.73	-0.39	0.54	-0.26	0.64	-0.39	g
1.00	0.00	1.00	0.58	1.00	-1.00	1.00	-1.00	1.00	-1.00	1.00	-1.00	1.00	-1.00	1.00	-1.00	1.00	-1.00	1.00	-1.00	1.00	-0.63	1.00	-1.00	1.00	-1.00	1.00	-1.00	1.00	-1.00	1.00	-1.00	1.00	-1.00	b
1.00	0.00	1.00	-0.09	1.00	-0.17	0.87	-0.82	0.95	0.61	0.95	-0.41	0.88	-0.32	0.88	-0.23	0.81	-0.62	0.12	-1.00	0.90	0.11	0.62	-0.79	0.55	-0.83	0.48	-0.87	0.41	-0.90	0.33	-0.92	-0.13	-1.00	g
0.00	0.00	-1.00	-1.00	0.00	0.00	-1.00	1.00	1.00	-0.38	0.00	0.00	0.00	0.00	0.00	0.00	1.00	-1.00	-1.00	-1.00	1.00	-1.00	0.00	0.00	1.00	-1.00	-1.00	1.00	-1.00	-1.00	0.00	0.00	-1.00	1.00	b
1.00	0.00	1.00	0.08	1.00	0.17	1.00	-0.13	0.98	0.65	1.00	0.48	1.00	0.59	1.00	0.71	1.00	0.83	1.00	0.95	1.00	1.00	0.98	1.00	0.92	1.00	0.84	1.00	0.75	1.00	0.64	1.00	0.52	1.00	g
0.00	0.00	-1.00	-1.00	1.00	1.00	1.00	-1.00	-1.00	1.00	1.00	-1.00	-1.00	-1.00	0.00	0.00	1.00	1.00	-1.00	-1.00	1.00	-1.00	1.00	-1.00	1.00	1.00	1.00	-1.00	1.00	-1.00	-1.00	1.00	1.00	-1.00	b
1.00	0.00	1.00	-0.14	1.00	-0.16	1.00	-0.24	1.00	-0.08	1.00	-0.25	1.00	-0.26	1.00	-0.22	1.00	-0.39	1.00	-0.46	1.00	-0.36	1.00	-0.60	1.00	-0.48	0.99	-0.50	1.00	-0.76	1.00	-0.76	1.00	-0.84	g
1.00	0.00	1.00	-1.00	1.00	1.00	1.00	-1.00	1.00	-1.00	1.00	-1.00	1.00	-0.02	1.00	-1.00	1.00	1.00	1.00	-0.86	1.00	1.00	1.00	-1.00	0.00	0.00	1.00	1.00	1.00	-0.79	1.00	1.00	1.00	1.00	b
1.00	0.00	0.88	-0.15	0.93	-0.11	0.92	-0.16	0.88	-0.17	0.88	-0.32	0.85	-0.31	0.82	-0.36	0.81	-0.34	0.75	-0.47	0.71	-0.47	0.66	-0.50	0.61	-0.48	0.57	-0.55	0.50	-0.60	0.47	-0.57	0.42	-0.58	g
1.00	0.00	0.71	-0.03	0.41	-0.23	0.98	-0.09	1.00	-0.10	1.00	-0.11	0.59	1.00	0.84	-1.00	0.82	-0.18	0.81	-0.28	-0.26	0.93	0.52	0.05	0.65	-0.20	0.93	-0.41	0.64	-0.22	0.86	-0.87	-0.23	-1.00	b
1.00	0.00	1.00	-0.16	0.72	0.28	0.83	-0.58	1.00	-0.28	1.00	-0.50	0.80	-0.13	0.77	0.15	1.00	0.39	1.00	0.27	0.96	-0.02	0.93	-0.91	1.00	0.15	1.00	-0.12	1.00	-0.11	1.00	0.53	1.00	-0.58	g
1.00	0.00	0.66	-1.00	1.00	1.00	1.00	-0.67	0.81	-0.40	1.00	-1.00	1.00	-0.89	1.00	0.73	0.18	0.71	1.00	0.78	1.00	0.85	1.00	-1.00	1.00	0.85	1.00	-0.09	0.96	-0.36	1.00	0.65	1.00	0.35	b
1.00	0.00	1.00	0.00	1.00	-0.01	1.00	-0.03	1.00	-0.07	0.98	-0.06	1.00	-0.07	0.97	-0.08	0.93	-0.14	0.94	-0.14	1.00	-0.14	0.95	-0.14	0.89	-0.21	0.89	-0.18	0.86	-0.19	0.84	-0.20	0.84	-0.21	g
0.00	0.00	1.00	1.00	1.00	-1.00	0.00	0.00	0.00	0.00	-1.00	-1.00	0.00	0.00	0.00	0.00	-1.00	1.00	1.00	1.00	-1.00	1.00	-1.00	1.00	1.00	-1.00	1.00	1.00	-1.00	1.00	1.00	1.00	0.00	0.00	b
1.00	0.00	0.91	0.04	0.94	0.02	0.95	0.05	0.94	0.01	0.92	0.06	0.93	0.12	0.92	0.06	0.89	0.13	0.84	0.14	0.81	0.12	0.77	0.14	0.76	0.11	0.74	0.13	0.66	0.15	0.71	0.11	0.65	0.11	g
1.00	0.00	1.00	0.02	1.00	0.05	0.98	0.07	0.62	-1.00	0.91	0.11	0.88	0.54	0.82	0.14	0.77	0.15	1.00	0.41	0.66	0.16	0.60	0.17	0.54	0.16	0.49	0.16	0.43	0.15	0.38	0.15	1.00	1.00	b
1.00	0.00	1.00	0.07	1.00	0.21	1.00	0.26	0.93	0.32	0.87	0.39	0.75	0.50	0.80	0.52	0.66	0.61	0.58	0.63	0.48	0.67	0.41	0.69	0.34	0.72	0.28	0.72	0.19	0.71	0.11	0.73	0.07	0.71	g
1.00	0.00	-1.00	-1.00	1.00	1.00	1.00	-0.14	0.00	0.00	-1.00	1.00	1.00	1.00	0.18	-1.00	-1.00	-1.00	0.09	-1.00	1.00	-1.00	-1.00	1.00	-1.00	-1.00	1.00	-1.00	-1.00	-1.00	1.00	1.00	0.00	0.00	b
1.00	0.00	0.91	0.09	0.87	0.17	1.00	0.17	0.55	0.68	0.70	0.37	0.16	0.43	0.58	0.46	0.51	0.50	0.32	0.13	0.38	0.54	0.31	0.56	0.25	0.57	0.19	0.57	0.13	0.56	0.07	0.55	0.12	0.68	g
1.00	0.00	-0.64	-1.00	1.00	0.83	1.00	-1.00	1.00	-0.23	1.00	0.96	1.00	-0.38	1.00	-1.00	1.00	0.14	1.00	-1.00	1.00	-0.03	-0.84	1.00	0.54	0.86	1.00	1.00	1.00	-1.00	1.00	-1.00	1.00	-1.00	b
1.00	0.00	0.99	-0.06	1.00	-0.13	0.99	-0.19	0.99	-0.26	0.93	-0.30	0.93	-0.38	0.90	-0.44	0.85	-0.52	0.87	-0.57	0.79	-0.60	0.75	-0.65	0.68	-0.68	0.65	-0.73	0.61	-0.75	0.55	-0.80	0.49	-0.83	g
0.00	0.00	0.00	0.00	0.00	0.00	0.00	0.00	1.00	1.00	1.00	1.00	0.00	0.00	0.00	0.00	-0.38	-1.00	-1.00	-1.00	0.00	0.00	0.00	0.00	-1.00	-1.00	-1.00	-1.00	-1.00	1.00	1.00	0.00	0.00	0.00	b
1.00	0.00	1.00	-0.04	1.00	-0.07	1.00	-0.11	1.00	-0.10	0.99	-0.14	0.97	-0.22	0.95	-0.25	0.91	-0.34	0.91	-0.32	0.90	-0.35	0.88	-0.38	0.86	-0.43	0.83	-0.43	0.81	-0.43	0.78	-0.48	0.75	-0.50	g
1.00	0.00	0.95	-0.03	-1.00	0.26	-0.36	0.36	0.69	-0.63	1.00	-0.03	-0.29	-0.01	-0.55	0.15	0.92	-0.46	1.00	-0.50	-0.30	-0.31	-0.74	0.37	0.84	-0.47	0.52	-0.58	1.00	-0.61	-0.10	0.20	-0.06	0.42	b
1.00	0.00	0.98	0.01	0.98	-0.04	0.98	-0.06	0.96	-0.07	0.99	-0.05	0.95	-0.11	0.93	-0.13	0.94	-0.12	0.80	-0.19	0.88	-0.17	0.86	-0.19	0.88	-0.20	0.82	-0.21	0.79	-0.24	0.77	-0.23	0.74	-0.24	g
1.00	0.00	0.00	0.00	1.00	0.52	0.00	0.00	0.11	-1.00	0.00	0.00	0.00	0.00	-1.00	-0.22	-0.56	-0.83	0.77	0.63	0.00	0.00	0.53	0.36	-0.90	0.45	1.00	-1.00	-1.00	0.82	0.00	0.00	0.00	0.00	b
1.00	0.00	0.84	-0.18	0.44	0.03	0.93	0.00	0.88	0.14	0.81	-0.02	0.89	0.55	0.92	-0.57	0.75	-0.30	0.87	-0.20	1.00	1.00	0.47	-0.16	0.90	-0.03	0.93	-0.01	0.62	-0.32	0.84	-0.26	0.93	-0.01	g
0.00	0.00	1.00	1.00	1.00	-1.00	0.00	0.00	0.00	0.00	1.00	1.00	1.00	1.00	-1.00	-1.00	1.00	-1.00	-1.00	1.00	0.00	0.00	1.00	-1.00	1.00	-1.00	1.00	1.00	-1.00	-1.00	0.00	0.00	0.00	0.00	b
1.00	0.00	1.00	1.00	1.00	1.00	0.91	1.00	-0.27	1.00	-0.83	1.00	-1.00	1.00	-1.00	0.73	-1.00	-0.58	-1.00	-0.42	-1.00	-1.00	-0.53	-1.00	0.90	-1.00	1.00	-1.00	1.00	-1.00	1.00	-0.35	1.00	0.35	g
1.00	0.00	-0.68	-1.00	-1.00	1.00	1.00	0.63	0.04	-1.00	-1.00	-1.00	1.00	1.00	0.89	-1.00	-1.00	1.00	0.84	1.00	1.00	-1.00	-1.00	-1.00	-0.19	1.00	1.00	-1.00	-1.00	-1.00	-1.00	1.00	1.00	0.34	b
1.00	0.00	0.96	0.08	0.97	-0.06	0.97	-0.08	0.96	-0.07	0.95	0.01	0.95	-0.17	0.95	-0.19	1.00	-0.32	0.90	-0.36	0.91	-0.27	0.90	-0.30	1.00	-0.41	0.87	-0.35	0.92	-0.31	0.84	-0.39	0.82	-0.41	g
1.00	0.00	0.08	-0.21	-1.00	1.00	-1.00	1.00	0.72	0.47	-0.82	-0.63	-1.00	-1.00	-1.00	1.00	-0.03	0.59	-0.42	-0.42	-0.75	-1.00	-1.00	-0.47	-1.00	0.24	1.00	-1.00	-1.00	-0.39	-1.00	-1.00	-1.00	0.61	b
1.00	0.00	1.00	-0.02	1.00	-0.04	1.00	-0.07	1.00	-0.09	1.00	0.56	1.00	-0.13	1.00	-0.15	1.00	0.32	1.00	-0.18	0.99	-0.19	0.96	-0.20	1.00	-0.92	0.87	-0.22	0.83	-0.22	0.78	-0.23	0.74	-0.23	g
0.00	0.00	-1.00	1.00	1.00	-1.00	-1.00	1.00	0.00	0.00	1.00	1.00	-1.00	-0.19	1.00	1.00	-1.00	-1.00	1.00	-1.00	-1.00	-1.00	1.00	1.00	1.00	-1.00	1.00	1.00	1.00	1.00	0.00	0.00	-1.00	-1.00	b
1.00	0.00	1.00	0.06	0.95	0.07	1.00	0.13	1.00	-0.02	0.95	0.07	0.96	0.15	0.95	0.11	0.91	0.20	0.97	0.16	1.00	0.14	0.91	0.16	0.92	0.22	0.88	0.24	0.89	0.23	0.78	0.30	0.84	0.31	g
1.00	0.00	0.17	-1.00	-1.00	1.00	0.00	0.00	0.00	0.00	-1.00	1.00	0.00	0.00	-0.61	-0.68	0.81	0.36	0.52	0.14	0.00	0.00	-1.00	-0.27	-0.85	0.96	1.00	1.00	-1.00	0.68	0.00	0.00	0.00	0.00	b
1.00	0.00	1.00	0.10	1.00	0.12	1.00	0.23	0.99	0.09	0.95	0.19	0.93	0.24	0.89	0.28	0.86	0.27	0.84	0.33	0.83	0.32	0.75	0.40	0.76	0.35	0.68	0.43	0.63	0.46	0.57	0.47	0.54	0.51	g
1.00	0.00	0.02	-0.36	0.00	0.00	0.00	0.00	0.00	0.00	0.00	0.00	0.00	0.00	0.12	-0.55	0.23	0.83	1.00	-0.42	0.00	0.00	0.08	-1.00	-0.11	-0.17	1.00	-0.77	-1.00	0.19	0.00	0.00	1.00	-0.27	b
1.00	0.00	1.00	0.17	0.99	0.16	0.95	0.33	0.92	0.23	0.91	0.37	0.84	0.47	0.81	0.49	0.78	0.48	0.65	0.57	0.57	0.58	0.56	0.65	0.48	0.55	0.43	0.69	0.36	0.76	0.34	0.67	0.22	0.79	g
1.00	0.00	0.64	1.00	0.21	-1.00	1.00	1.00	0.88	0.31	-0.67	1.00	-0.06	0.59	0.02	0.05	-0.52	-1.00	0.14	-0.03	0.33	-0.44	-1.00	1.00	0.81	-1.00	1.00	-0.06	1.00	1.00	0.21	-1.00	1.00	1.00	b
1.00	0.00	1.00	-0.41	1.00	0.76	0.87	0.19	1.00	-0.10	0.94	0.48	0.65	-0.16	1.00	0.01	0.98	-0.50	0.80	-0.24	0.88	-0.19	1.00	-0.12	0.94	0.11	0.93	-0.07	1.00	-0.27	0.44	0.20	0.51	-0.05	g
1.00	0.00	0.85	0.11	1.00	0.39	1.00	-1.00	0.67	0.08	1.00	0.27	1.00	0.61	1.00	0.36	1.00	0.03	0.58	-0.43	1.00	0.63	0.89	0.27	0.91	-0.33	1.00	0.16	0.38	-0.02	1.00	0.22	1.00	0.37	b
1.00	0.00	1.00	0.28	1.00	0.02	1.00	0.08	1.00	0.04	0.99	0.33	1.00	0.05	1.00	0.04	0.96	-0.25	0.84	-0.09	1.00	0.04	1.00	0.27	1.00	-0.39	0.96	-0.02	0.87	0.23	0.95	-0.22	0.80	-0.07	g
0.00	0.00	1.00	-1.00	1.00	-1.00	1.00	-1.00	1.00	-1.00	1.00	1.00	1.00	1.00	1.00	-1.00	1.00	1.00	1.00	1.00	1.00	1.00	1.00	-1.00	1.00	-1.00	1.00	-1.00	1.00	0.66	0.00	0.00	1.00	-1.00	b
1.00	0.00	1.00	0.68	0.81	0.82	0.43	1.00	0.21	0.81	-0.44	1.00	-0.79	0.77	-1.00	0.40	-0.39	-0.59	-0.98	-0.43	-0.73	-0.76	-0.38	-0.97	0.41	-1.00	0.42	-0.93	0.26	-1.00	0.94	-0.35	0.99	0.03	g
1.00	0.00	1.00	1.00	1.00	-1.00	1.00	-1.00	1.00	1.00	1.00	1.00	1.00	1.00	1.00	-1.00	1.00	1.00	1.00	1.00	1.00	1.00	1.00	1.00	1.00	1.00	1.00	0.50	0.00	0.00	1.00	-1.00	1.00	-1.00	b
1.00	0.00	1.00	0.04	1.00	0.18	1.00	0.27	1.00	0.25	1.00	0.29	1.00	0.39	1.00	0.32	1.00	0.66	1.00	0.54	1.00	0.61	1.00	0.59	0.90	0.68	0.90	0.71	0.86	0.67	0.74	0.86	0.71	0.76	g
0.00	0.00	1.00	-1.00	1.00	1.00	-1.00	-1.00	1.00	-1.00	0.00	0.00	0.00	0.00	-1.00	1.00	1.00	-1.00	1.00	-1.00	-0.75	1.00	1.00	-1.00	1.00	-1.00	1.00	-1.00	-1.00	-1.00	0.00	0.00	1.00	-1.00	b
1.00	0.00	0.96	0.09	0.97	0.19	0.96	0.27	0.98	0.35	0.93	0.46	0.86	0.53	0.83	0.59	0.73	0.69	0.69	0.73	0.54	0.69	0.48	0.76	0.41	0.75	0.33	0.84	0.25	0.86	0.14	0.87	0.09	0.86	g
1.00	0.00	0.69	0.39	0.00	0.00	-0.33	0.70	0.00	0.00	0.00	0.00	0.00	0.00	0.21	-0.24	0.21	0.19	0.46	0.78	0.00	0.00	0.00	0.00	0.73	0.27	0.76	0.63	0.00	0.00	0.00	0.00	0.00	0.00	b
1.00	0.00	1.00	0.05	1.00	0.11	1.00	0.19	1.00	0.28	1.00	0.35	1.00	0.38	0.95	0.43	0.89	0.50	0.76	0.59	0.81	0.60	0.80	0.63	0.67	0.64	0.59	0.69	0.50	0.73	0.47	0.72	0.33	0.75	g
0.00	0.00	1.00	1.00	0.00	0.00	1.00	-1.00	1.00	-1.00	1.00	1.00	1.00	1.00	1.00	-1.00	1.00	1.00	1.00	1.00	1.00	-1.00	-1.00	-1.00	1.00	-1.00	1.00	-1.00	1.00	1.00	0.00	0.00	1.00	-1.00	b
1.00	0.00	1.00	0.04	1.00	0.12	1.00	0.16	1.00	0.28	0.99	0.31	0.93	0.38	0.91	0.40	0.82	0.46	0.79	0.47	0.79	0.56	0.70	0.58	0.67	0.60	0.59	0.61	0.54	0.61	0.45	0.64	0.40	0.63	g
0.00	0.00	1.00	1.00	1.00	-1.00	1.00	1.00	1.00	1.00	1.00	1.00	1.00	1.00	1.00	1.00	1.00	-1.00	-1.00	1.00	-1.00	1.00	-1.00	1.00	1.00	-1.00	1.00	1.00	-1.00	1.00	-1.00	-1.00	-1.00	1.00	b
1.00	0.00	1.00	0.24	1.00	0.49	1.00	0.73	1.00	1.00	1.00	1.00	1.00	1.00	1.00	0.77	1.00	1.00	1.00	1.00	0.74	1.00	0.90	1.00	0.65	1.00	0.38	1.00	0.11	1.00	-0.17	1.00	-0.81	1.00	g
0.00	0.00	1.00	1.00	1.00	-1.00	1.00	1.00	-1.00	1.00	0.00	0.00	1.00	1.00	0.00	0.00	0.00	0.00	-1.00	1.00	-1.00	1.00	1.00	1.00	1.00	-1.00	1.00	1.00	1.00	1.00	1.00	-1.00	-1.00	1.00	b
1.00	0.00	1.00	-0.07	1.00	0.63	1.00	0.10	1.00	0.20	1.00	-1.00	1.00	-0.41	1.00	-0.16	1.00	0.05	1.00	-0.62	1.00	-0.27	1.00	-1.00	1.00	-0.58	1.00	-0.81	1.00	-1.00	1.00	-0.79	1.00	-0.48	g
0.00	0.00	1.00	-1.00	1.00	1.00	1.00	1.00	1.00	1.00	1.00	1.00	1.00	-1.00	1.00	-1.00	1.00	1.00	1.00	-1.00	1.00	1.00	1.00	1.00	1.00	-1.00	1.00	1.00	1.00	-1.00	1.00	1.00	1.00	-1.00	b
1.00	0.00	0.92	0.08	0.93	0.16	0.90	0.25	0.84	0.35	0.79	0.42	0.71	0.47	0.71	0.56	0.60	0.64	0.51	0.65	0.40	0.67	0.34	0.68	0.24	0.76	0.19	0.74	0.10	0.71	0.03	0.77	-0.04	0.70	g
1.00	0.00	0.68	-0.17	0.82	0.22	0.47	0.33	0.26	0.58	1.00	-0.15	0.01	0.45	0.01	0.39	0.19	0.41	0.11	0.36	0.04	0.31	0.00	0.25	-0.03	0.19	-0.04	0.14	-0.05	0.10	-0.05	0.07	-0.04	0.05	b
1.00	0.00	0.75	-0.03	0.66	-0.05	0.81	0.03	0.86	0.03	0.63	0.09	0.72	0.08	0.73	0.05	0.79	-0.28	0.66	-0.01	0.79	0.07	0.35	-0.19	0.65	0.03	0.61	-0.07	0.54	-0.21	0.59	-0.14	0.56	0.03	g
1.00	0.00	0.39	-0.06	0.97	0.04	1.00	1.00	0.36	0.15	0.54	0.13	0.62	-0.82	0.58	0.68	0.67	-0.10	0.47	-0.12	0.66	0.15	0.83	0.46	0.47	0.16	0.49	0.15	0.32	-0.03	0.39	0.14	0.34	0.13	b
1.00	0.00	0.68	0.05	0.77	-0.11	0.77	0.04	0.66	-0.05	0.65	0.01	0.67	-0.14	0.72	-0.02	0.77	0.09	0.62	-0.08	0.76	-0.24	0.74	-0.15	0.85	-0.15	0.74	-0.06	0.67	0.02	0.86	0.04	0.73	0.01	g
1.00	0.00	0.73	-0.05	0.89	0.03	1.00	0.73	0.66	-0.06	0.48	-0.17	0.82	0.10	0.57	1.00	0.50	0.22	0.67	0.10	1.00	-0.30	0.99	-1.00	0.57	0.33	0.57	0.15	0.42	0.08	0.49	0.15	1.00	1.00	b
1.00	0.00	0.58	-0.02	0.40	0.00	0.38	0.13	0.40	-0.06	0.56	0.14	0.47	0.08	0.53	-0.05	0.58	0.02	0.50	0.00	0.46	0.07	0.58	0.08	0.50	0.00	0.49	0.10	0.46	0.08	0.45	0.24	0.43	0.17	g
1.00	0.00	0.42	0.12	0.35	0.13	0.23	0.28	-0.04	0.44	0.05	0.36	-0.19	0.34	-0.13	0.27	0.03	0.40	-0.35	0.13	-0.20	0.05	-0.19	0.36	-0.14	-0.05	-0.10	-0.07	-1.00	-1.00	-0.03	-0.07	-0.01	-0.06	b
1.00	0.00	0.88	-0.22	1.00	0.36	0.82	0.19	0.85	0.06	0.91	-0.04	0.85	0.25	0.78	0.25	0.69	0.58	0.71	0.39	0.73	0.28	1.00	0.35	0.57	0.52	0.70	0.53	0.81	0.59	0.43	0.71	0.52	0.54	g
1.00	0.00	0.85	-0.09	-0.32	-0.81	-0.09	-0.56	0.81	0.05	0.90	-0.01	-0.18	0.64	-0.20	-0.68	0.86	-0.11	0.78	-0.16	-0.07	0.51	-0.34	0.81	0.79	-0.04	0.71	-0.25	0.78	-0.14	-0.21	-0.78	-0.18	-0.60	b
1.00	0.00	0.71	-0.25	0.64	0.04	0.45	0.38	0.65	0.18	0.50	0.27	0.58	-0.23	0.50	0.38	0.39	-0.43	0.36	-0.26	0.27	0.12	0.53	-0.04	0.31	-0.12	0.50	-0.04	0.48	-0.04	0.64	-0.25	0.50	0.15	g
1.00	0.00	-0.54	0.15	-0.34	0.73	0.52	-0.14	0.32	-0.07	0.21	-0.15	0.47	0.09	0.56	-0.15	0.16	0.45	0.34	0.03	0.50	0.07	-0.64	-0.62	1.00	0.66	0.41	-0.40	-0.15	0.11	0.02	0.56	0.53	-0.09	b
1.00	0.00	0.29	0.14	0.45	0.17	0.52	-0.01	0.53	0.21	0.52	-0.17	0.47	-0.05	0.56	0.04	0.82	-0.22	0.42	-0.04	0.35	0.07	0.28	-0.21	0.52	-0.03	0.50	-0.03	0.35	0.10	0.71	-0.02	0.40	-0.03	g
1.00	0.00	0.79	0.17	0.00	0.00	0.57	0.07	0.39	1.00	0.38	1.00	-0.02	0.53	0.24	0.13	-0.03	0.95	-0.51	0.85	-0.10	0.39	-0.43	0.24	-0.92	0.81	-0.34	0.88	-1.00	0.69	-1.00	0.13	0.00	0.00	b
1.00	0.00	0.90	0.17	0.79	0.37	0.73	0.51	0.60	0.73	0.44	0.81	0.24	0.87	0.06	0.85	-0.13	0.87	-0.29	0.80	-0.47	0.66	-0.57	0.54	-0.68	0.40	-0.72	0.26	-0.72	0.11	-0.71	-0.06	-0.68	-0.20	g
1.00	0.00	0.98	0.19	0.83	0.46	0.72	0.59	0.48	0.84	0.31	0.93	0.10	0.94	-0.13	0.84	-0.32	0.92	-0.52	0.80	-0.68	0.50	-0.77	0.34	-0.85	0.18	-0.83	-0.01	-0.82	-0.19	-0.67	-0.34	-0.60	-0.50	g
1.00	0.00	-1.00	-1.00	0.00	0.00	0.51	-0.79	0.61	0.33	-1.00	-0.41	0.00	0.00	0.00	0.00	1.00	-0.27	0.36	-0.64	0.97	-1.00	-1.00	-1.00	1.00	-0.60	-1.00	-1.00	-1.00	-1.00	1.00	-1.00	0.00	0.00	b
1.00	0.00	0.74	0.05	0.79	0.03	0.79	0.04	0.66	0.10	0.68	0.31	0.76	0.07	0.75	0.08	0.71	-0.08	0.64	0.00	0.70	0.11	0.68	0.12	0.67	0.15	0.64	0.14	0.66	0.18	0.60	0.15	0.57	0.15	g
1.00	0.00	1.00	-1.00	0.00	0.00	0.78	-0.99	0.81	0.55	-0.42	-0.95	0.00	0.00	0.00	0.00	0.72	-0.77	0.74	-0.60	0.00	0.00	0.18	-1.00	-1.00	-1.00	-1.00	-1.00	1.00	-1.00	1.00	-1.00	0.00	0.00	b
1.00	0.00	1.00	0.02	0.96	-0.03	1.00	-0.03	1.00	-0.05	0.99	-0.07	0.99	-0.09	1.00	-0.16	1.00	-0.14	0.98	-0.12	1.00	-0.19	1.00	-0.19	0.99	-0.22	0.96	-0.20	0.95	-0.17	0.96	-0.23	0.87	-0.23	g
0.00	0.00	0.00	0.00	0.00	0.00	0.00	0.00	0.00	0.00	0.00	0.00	0.00	0.00	0.00	0.00	0.00	0.00	0.00	0.00	0.00	0.00	0.00	0.00	0.00	0.00	1.00	-1.00	0.00	0.00	0.00	0.00	0.00	0.00	b
1.00	0.00	0.96	-0.12	0.63	-0.13	0.96	-0.18	0.97	0.08	0.92	-0.01	0.84	-0.25	1.00	-0.31	0.99	-0.21	0.99	-0.21	1.00	-0.27	0.93	-0.39	1.00	-0.19	0.89	-0.32	0.81	-0.24	0.89	-0.32	0.70	-0.42	g
1.00	0.00	0.28	-0.32	0.00	0.00	0.68	-1.00	0.31	0.96	0.64	0.06	0.35	-0.85	0.00	0.00	0.59	-0.36	0.45	-0.81	0.00	0.00	0.00	0.00	0.24	0.18	1.00	-0.24	0.06	-0.48	0.16	-0.70	0.00	0.00	b
1.00	0.00	0.94	-0.49	1.00	-0.04	0.99	-0.87	0.90	0.67	1.00	-0.10	1.00	-0.12	1.00	-0.15	1.00	-0.18	1.00	-0.20	1.00	-0.23	1.00	-0.27	1.00	-0.30	1.00	-0.33	1.00	-0.37	1.00	-0.41	1.00	-0.45	g
1.00	0.00	0.00	0.00	0.00	0.00	0.00	0.00	0.00	0.00	0.62	1.00	0.00	0.00	0.00	0.00	0.37	-0.72	0.56	-1.00	0.00	0.00	0.00	0.00	0.00	0.00	1.00	0.11	0.00	0.00	0.00	0.00	0.00	0.00	b
1.00	0.00	0.99	0.01	0.84	-0.11	0.88	-0.16	0.99	-0.06	0.96	-0.07	0.85	0.03	0.87	-0.21	0.94	-0.13	0.98	-0.09	0.90	0.00	0.88	-0.06	0.93	-0.20	0.88	-0.18	0.94	-0.17	0.80	-0.26	0.77	-0.28	g
1.00	0.00	0.10	0.11	0.00	0.00	0.00	0.00	0.55	0.82	0.31	1.00	0.00	0.00	0.00	0.00	0.37	-1.00	0.33	-1.00	0.00	0.00	0.00	0.00	-0.43	-1.00	1.00	-1.00	0.55	-0.24	0.00	0.00	0.00	0.00	b
1.00	0.00	1.00	-0.57	0.99	-0.73	0.90	-0.97	1.00	-0.36	1.00	-0.23	0.63	-0.86	1.00	-0.58	1.00	-0.80	0.77	-0.89	0.97	-1.00	0.70	-0.75	0.62	-0.77	0.54	-0.78	0.81	-1.00	1.00	-1.00	0.30	-0.76	g
1.00	0.00	0.66	-0.63	0.00	0.00	0.00	0.00	0.77	1.00	1.00	-0.28	0.00	0.00	0.00	0.00	0.62	-0.23	0.84	-1.00	1.00	-1.00	0.00	0.00	0.00	0.00	1.00	-0.94	-0.13	-0.93	0.00	0.00	0.00	0.00	b
1.00	0.00	0.86	0.19	0.81	0.41	0.67	0.56	0.55	0.70	0.37	0.82	0.20	0.86	-0.04	0.86	-0.17	0.76	-0.34	0.66	-0.48	0.56	-0.60	0.41	-0.59	0.26	-0.63	0.09	-0.57	-0.08	-0.55	-0.20	-0.43	-0.32	g
1.00	0.00	0.42	-0.61	0.00	0.00	1.00	-1.00	0.90	1.00	0.43	0.64	0.00	0.00	0.00	0.00	0.67	-0.29	0.84	-1.00	0.00	0.00	0.00	0.00	0.21	0.68	1.00	0.22	0.00	0.00	0.00	0.00	0.00	0.00	b
1.00	0.00	1.00	0.23	0.91	0.52	0.78	0.72	0.48	0.84	0.28	0.92	0.09	0.88	-0.22	0.91	-0.34	0.76	-0.51	0.65	-0.65	0.45	-0.74	0.29	-0.71	0.04	-0.72	-0.12	-0.65	-0.28	-0.51	-0.45	-0.37	-0.53	g
1.00	0.00	0.91	0.82	-0.73	1.00	-0.39	0.56	0.05	0.30	-0.19	-0.10	-0.03	-0.09	0.01	-0.03	0.01	-0.01	0.00	0.00	0.00	0.00	0.00	0.00	0.00	0.00	0.00	0.00	0.00	0.00	0.00	0.00	0.00	0.00	b
1.00	0.00	0.21	-0.10	0.33	0.07	0.19	0.19	0.24	0.10	0.40	0.02	0.31	-0.05	0.31	-0.05	0.29	-0.12	0.33	0.05	0.31	0.00	0.21	-0.12	0.36	-0.05	0.22	-0.02	0.19	0.00	0.17	-0.02	0.15	-0.02	g
1.00	0.00	1.00	-0.15	1.00	0.05	0.57	-0.02	0.66	0.02	0.85	-0.03	0.72	0.00	0.69	-0.16	0.20	-0.15	0.66	-0.17	0.67	0.03	1.00	-0.30	0.31	-0.34	0.52	-0.20	0.33	-0.03	0.28	-0.44	0.49	-0.07	b
1.00	0.00	0.98	0.00	0.89	0.03	0.86	0.05	0.80	0.00	0.69	0.05	0.79	0.08	0.77	0.10	0.63	0.25	0.68	0.13	0.71	0.13	0.69	0.13	0.75	0.23	0.65	0.15	0.67	0.03	0.61	0.16	0.59	0.17	g
1.00	0.00	0.39	0.52	-0.79	0.11	-0.17	-0.76	0.67	0.01	0.82	0.40	-0.67	0.31	-0.35	-0.64	0.46	0.15	0.55	0.06	-0.52	0.45	-0.48	-0.48	0.32	0.70	0.52	0.39	0.57	0.39	-0.55	-0.30	0.25	-0.56	b
1.00	0.00	0.87	-0.07	1.00	-0.02	1.00	-0.07	0.88	0.00	0.84	-0.06	1.00	-0.07	1.00	-0.20	0.87	0.05	0.88	-0.04	1.00	-0.12	1.00	-0.19	0.84	0.04	1.00	-0.14	0.82	-0.15	1.00	-0.16	1.00	-0.44	g
1.00	0.00	0.44	-0.13	0.58	-0.15	0.18	-0.67	0.35	-0.04	0.29	-0.05	0.29	0.29	0.36	-0.42	0.20	-0.02	0.36	0.05	0.13	0.49	0.62	0.16	0.33	0.16	0.41	-0.07	0.35	-0.05	0.13	-0.36	0.29	-0.29	b
1.00	0.00	1.00	-0.92	1.00	0.75	0.49	-0.06	0.62	0.00	1.00	0.00	0.45	0.08	0.62	-0.06	0.99	0.00	0.53	0.00	0.53	0.08	0.95	0.00	1.00	0.79	0.92	0.00	0.94	-1.00	1.00	0.43	0.43	-0.11	g
1.00	0.00	0.74	0.83	-0.76	-0.24	0.33	-0.14	0.45	-0.14	-0.67	0.13	0.33	0.00	0.29	-0.07	-0.38	0.51	0.24	0.02	0.45	0.05	0.17	-0.26	-0.57	-0.10	0.25	-0.51	1.00	0.00	-0.67	-0.05	0.26	0.02	b
1.00	0.00	0.44	0.04	0.58	-0.10	0.40	0.00	0.33	-0.06	0.48	0.00	0.29	0.10	0.54	0.02	0.44	-0.23	0.35	-0.23	0.33	0.08	0.25	0.19	0.40	-0.19	0.44	-0.10	0.42	-0.08	0.58	-0.31	0.33	-0.06	g
1.00	0.00	1.00	1.00	0.00	0.00	0.00	0.00	0.00	0.00	0.48	-0.89	-0.52	0.45	-0.95	0.29	0.65	1.00	0.00	0.00	0.00	0.00	0.62	0.20	-1.00	-1.00	1.00	-1.00	1.00	1.00	0.00	0.00	0.00	0.00	b
1.00	0.00	0.95	0.07	0.94	0.13	0.91	0.19	0.85	-0.50	0.90	0.61	0.78	0.34	0.72	0.38	0.66	0.41	0.95	0.60	0.53	0.44	0.47	0.45	0.40	0.44	0.34	0.43	0.90	1.00	0.23	0.40	0.19	0.37	g
1.00	0.00	0.60	0.40	0.83	0.81	0.76	0.71	0.84	-0.11	0.97	0.08	0.96	-0.86	0.92	0.88	0.95	-0.05	0.89	0.18	0.98	-0.70	0.87	-0.86	0.29	-0.30	1.00	0.17	0.63	0.43	0.88	0.81	0.82	0.69	b
1.00	0.00	0.96	0.10	1.00	-0.02	0.98	0.03	0.97	-0.09	0.99	-0.03	0.98	-0.03	1.00	-0.05	1.00	-0.05	0.94	0.02	0.98	-0.09	0.98	-0.05	0.92	-0.16	0.96	-0.07	0.91	0.01	1.00	-0.11	0.93	-0.07	g
1.00	0.00	0.00	0.00	-0.34	0.85	0.00	0.00	0.69	-1.00	0.97	0.31	-0.26	-0.59	-0.30	0.66	0.94	0.16	0.00	0.00	0.00	0.00	-0.18	-1.00	0.00	0.00	1.00	-1.00	0.00	0.00	0.04	0.62	0.00	0.00	b
1.00	0.00	0.97	0.01	1.00	0.01	0.99	-0.01	0.98	-0.03	1.00	-0.04	1.00	-0.01	1.00	-0.03	1.00	-0.01	0.98	0.00	1.00	-0.03	1.00	-0.05	0.96	-0.05	0.99	-0.03	0.97	-0.02	1.00	-0.04	0.98	-0.04	g
1.00	0.00	0.00	0.00	0.99	-0.23	0.19	-0.05	0.00	0.00	0.93	0.07	1.00	-0.20	1.00	0.07	1.00	-0.11	0.00	0.00	1.00	-0.21	1.00	-0.42	0.00	0.00	1.00	-0.18	0.00	0.00	1.00	-0.26	0.29	-0.16	b
1.00	0.00	0.64	0.01	0.34	-0.02	0.53	0.03	0.20	0.12	0.43	0.05	0.22	0.05	0.29	0.00	0.37	0.00	0.32	0.07	0.27	0.12	0.24	0.06	0.22	0.10	0.19	0.06	0.17	0.06	0.20	0.00	0.17	0.07	g
1.00	0.00	1.00	1.00	1.00	-1.00	0.00	0.00	0.00	0.00	1.00	1.00	1.00	-1.00	1.00	1.00	1.00	-1.00	0.00	0.00	0.00	0.00	1.00	-0.28	0.00	0.00	1.00	-1.00	1.00	1.00	1.00	-1.00	0.00	0.00	b
1.00	0.00	0.35	0.20	0.47	0.24	0.41	0.20	0.47	0.45	0.31	0.59	0.12	0.55	0.00	0.51	-0.06	0.55	-0.20	0.55	-0.29	0.45	-0.29	0.33	-0.61	0.22	-0.47	0.15	-0.59	0.18	-0.35	0.00	-0.27	-0.24	g
1.00	0.00	0.00	0.00	1.00	-1.00	0.00	0.00	0.00	0.00	1.00	1.00	1.00	-0.25	1.00	0.23	1.00	-1.00	0.00	0.00	0.00	0.00	1.00	1.00	0.00	0.00	1.00	-1.00	0.00	0.00	1.00	-1.00	0.00	0.00	b
1.00	0.00	0.90	0.38	0.91	0.38	0.74	0.68	0.46	0.78	0.19	0.89	-0.02	0.86	-0.21	0.82	-0.38	0.68	-0.50	0.48	-0.74	0.38	-0.86	0.09	-0.74	-0.13	-0.68	-0.24	-0.55	-0.43	-0.44	-0.51	-0.29	-0.57	g
1.00	0.00	-1.00	0.28	0.22	0.15	-0.76	-0.71	-0.31	0.71	-1.00	1.00	-0.82	0.34	-0.79	-0.03	-0.98	-0.83	-0.60	-0.54	-0.05	-0.83	0.94	-0.94	-1.00	-0.43	0.74	0.09	-1.00	0.05	0.18	0.03	-0.40	-0.48	b
1.00	0.00	0.27	-0.10	0.53	0.00	0.33	-0.13	0.37	0.12	0.57	0.02	0.72	0.08	0.70	-0.07	0.53	0.20	0.42	-0.02	0.32	0.20	0.70	0.00	0.25	0.13	0.46	0.05	0.40	0.03	0.47	0.03	0.42	-0.05	g
1.00	0.00	-0.27	0.40	-0.27	0.12	-0.18	-0.04	0.06	-0.07	0.04	0.03	-0.01	0.03	-0.02	0.00	0.00	-0.01	0.00	0.00	0.00	0.00	0.00	0.00	0.00	0.00	0.00	0.00	0.00	0.00	0.00	0.00	0.00	0.00	b
1.00	0.00	1.00	-0.38	0.65	0.30	0.65	-0.24	0.86	0.19	1.00	-0.27	0.51	0.00	0.62	-0.05	0.32	-0.22	0.72	-0.18	0.62	0.05	0.76	0.14	0.35	-0.30	0.61	-0.22	0.58	-0.23	0.73	-0.59	0.51	-0.24	g
1.00	0.00	0.95	-0.04	-1.00	-0.33	-1.00	-0.02	0.97	0.01	0.93	-0.02	-1.00	0.16	-1.00	0.00	0.95	-0.04	0.92	-0.03	-0.99	0.12	-0.93	0.35	0.96	0.00	0.82	0.14	0.90	-0.07	-1.00	-0.19	-1.00	-0.34	b
1.00	0.00	0.95	0.02	0.94	-0.01	0.94	0.01	0.97	-0.02	0.97	0.01	0.96	-0.03	0.95	0.00	0.99	-0.03	1.00	0.02	0.94	-0.05	0.94	-0.02	0.97	-0.04	0.96	-0.02	0.97	0.02	0.95	-0.03	0.96	0.01	g
1.00	0.00	1.00	-0.06	1.00	-1.00	0.50	-0.11	0.36	-0.22	1.00	-0.26	0.17	-0.11	1.00	-0.35	1.00	-0.39	1.00	-0.43	0.00	-0.25	1.00	-0.50	1.00	-0.28	1.00	-0.57	1.00	-0.28	1.00	-0.63	1.00	-0.66	b
1.00	0.00	0.31	-0.10	0.24	-0.10	0.21	-0.07	0.07	-0.05	0.04	-0.04	0.02	-0.02	0.01	-0.01	0.00	-0.01	0.00	-0.01	0.00	0.00	0.00	0.00	0.00	0.00	0.00	0.00	0.00	0.00	0.00	0.00	0.00	0.00	g
1.00	0.00	0.63	-0.08	0.73	0.00	0.61	-0.08	0.63	-0.12	0.69	-0.12	0.67	-0.14	0.65	-0.10	0.55	-0.12	0.55	-0.22	0.59	-0.20	0.67	-0.24	0.45	-0.25	0.52	-0.25	0.57	-0.31	0.43	-0.22	0.47	-0.27	b
1.00	0.00	0.25	0.17	0.47	0.27	0.19	0.24	0.08	0.20	0.01	0.15	-0.02	0.10	-0.04	0.06	-0.04	0.03	-0.03	0.02	-0.02	0.00	-0.02	0.00	-0.01	-0.01	-0.01	-0.01	0.00	-0.01	0.00	0.00	0.00	0.00	g
1.00	0.00	-0.66	0.16	0.06	0.00	0.00	0.06	0.63	0.06	0.19	0.00	-0.03	0.09	0.06	0.00	0.16	-0.16	0.44	-0.38	0.00	-0.09	0.00	0.00	0.03	-0.47	0.03	0.00	-0.72	0.03	-0.03	0.00	0.00	0.09	b
1.00	0.00	1.00	-0.01	1.00	-0.03	1.00	-0.06	0.95	-0.02	0.99	-0.03	0.99	0.09	1.00	-0.06	0.95	0.09	0.98	-0.01	1.00	0.06	1.00	0.04	0.98	0.09	0.99	0.01	1.00	-0.03	1.00	0.03	1.00	-0.07	g
1.00	0.00	0.85	0.05	1.00	0.08	1.00	1.00	0.91	-0.01	0.84	0.04	1.00	0.27	1.00	1.00	0.81	0.05	0.91	0.12	1.00	0.51	1.00	-1.00	0.81	0.04	1.00	0.72	0.84	0.07	1.00	0.87	1.00	1.00	b
1.00	0.00	0.90	-0.02	1.00	0.08	1.00	0.02	0.93	0.01	0.94	-0.02	1.00	0.00	1.00	0.06	1.00	0.05	0.91	0.04	0.97	0.02	0.99	-0.02	0.96	0.05	0.97	0.04	0.88	0.01	1.00	0.09	0.98	0.06	g
1.00	0.00	-0.20	0.29	0.23	0.10	0.28	0.32	0.32	0.35	0.36	-0.35	0.09	0.28	-0.09	0.21	-0.09	0.23	-0.34	0.31	-0.48	-0.08	0.30	0.33	-0.58	-0.24	0.32	-0.28	-0.47	0.19	-0.27	-0.31	0.40	0.03	b
1.00	0.00	0.60	0.03	0.63	0.07	0.70	0.07	0.70	0.00	0.63	0.00	0.80	0.00	0.73	0.00	0.70	0.10	0.67	0.10	0.73	-0.03	0.77	0.00	0.63	0.13	0.66	0.10	0.60	0.13	0.60	0.17	0.63	0.17	g
1.00	0.00	0.06	-0.01	0.07	0.01	0.00	-0.01	0.01	-0.04	0.02	-0.08	-0.01	0.05	0.06	-0.03	0.00	0.09	-0.06	0.08	-0.05	0.03	0.03	-0.01	0.01	0.01	0.10	-0.01	0.03	0.00	0.04	0.00	0.05	-0.03	b
1.00	0.00	0.95	0.29	0.73	0.67	0.48	0.82	0.01	0.89	-0.25	0.84	-0.48	0.56	-0.76	0.42	-0.66	0.07	-0.65	-0.20	-0.52	-0.44	-0.31	-0.55	-0.04	-0.65	0.16	-0.56	0.37	-0.42	0.46	-0.23	0.50	-0.06	g
1.00	0.00	0.05	0.01	-0.03	0.05	0.01	0.05	-0.08	0.01	0.02	-0.07	-0.04	0.04	-0.08	-0.05	-0.09	0.08	-0.04	0.05	0.02	0.02	-0.04	-0.01	0.03	-0.01	0.01	0.02	0.03	0.01	0.03	0.01	-0.05	-0.01	b
1.00	0.00	0.72	-0.01	0.80	0.01	0.80	0.00	0.79	0.01	0.78	-0.01	0.83	0.03	0.85	0.02	0.80	-0.01	0.79	-0.03	0.76	0.03	0.75	0.06	0.73	-0.01	0.78	0.01	0.74	-0.05	0.83	0.03	0.79	0.01	g
1.00	0.00	0.04	0.03	0.00	0.00	0.02	-0.02	0.02	-0.05	-0.05	-0.01	0.01	-0.02	0.00	-0.03	-0.05	-0.03	-0.02	0.04	0.02	0.00	0.05	-0.02	0.05	0.02	0.04	0.02	0.02	0.01	-0.03	-0.02	-0.01	0.02	b
1.00	0.00	0.47	0.23	0.42	0.34	0.26	0.48	0.02	0.49	-0.02	0.54	-0.34	0.31	-0.41	0.33	-0.52	0.07	-0.50	-0.12	-0.15	-0.15	-0.15	-0.38	-0.23	0.00	0.04	-0.32	0.16	-0.22	0.25	-0.24	0.27	0.04	g
1.00	0.00	0.09	0.01	0.14	-0.04	0.11	-0.08	0.13	-0.06	0.23	-0.01	0.12	0.08	0.15	-0.14	0.29	-0.05	0.19	0.07	0.12	0.00	0.11	0.00	0.15	-0.10	0.08	0.01	0.11	-0.07	0.10	-0.07	0.12	-0.07	b
1.00	0.00	0.94	0.39	0.48	0.65	0.22	0.78	-0.56	0.65	-0.74	0.42	-0.76	0.00	-0.63	-0.31	-0.38	-0.62	-0.13	-0.69	0.50	-0.64	0.71	-0.38	0.74	-0.05	0.60	0.30	0.46	0.61	0.03	0.54	-0.22	0.50	g
1.00	0.00	0.02	0.01	0.04	-0.01	0.02	0.01	0.01	0.04	0.00	0.00	0.02	-0.03	-0.02	0.06	-0.04	0.03	-0.02	0.00	0.04	-0.03	0.02	0.00	0.00	-0.01	0.02	-0.01	0.01	-0.02	-0.02	-0.02	0.01	0.00	b
1.00	0.00	0.86	0.00	0.82	-0.06	0.78	-0.04	0.84	0.09	0.86	0.12	0.88	-0.06	0.78	0.04	0.84	-0.07	0.84	-0.14	0.88	0.01	0.91	0.02	0.80	-0.02	0.82	-0.04	0.88	-0.06	0.74	-0.02	0.79	-0.09	g
1.00	0.00	1.00	-1.00	1.00	1.00	-1.00	1.00	1.00	-1.00	1.00	-1.00	-1.00	-1.00	-1.00	1.00	1.00	1.00	1.00	1.00	-1.00	1.00	1.00	-1.00	1.00	-1.00	1.00	1.00	1.00	1.00	-1.00	1.00	-1.00	1.00	b
1.00	0.00	0.85	0.39	0.39	0.76	0.09	0.99	-0.43	0.89	-0.76	0.50	-0.93	0.11	-0.86	-0.31	-0.66	-0.55	-0.19	-0.86	0.28	-0.80	0.65	-0.35	0.78	-0.23	0.72	0.21	0.38	0.58	0.20	0.66	-0.11	0.65	g
1.00	0.00	1.00	1.00	1.00	0.51	0.63	-1.00	1.00	1.00	0.03	0.03	1.00	1.00	0.00	0.00	1.00	-1.00	1.00	1.00	1.00	1.00	0.31	1.00	1.00	1.00	1.00	1.00	1.00	1.00	-0.94	1.00	0.00	0.00	b
1.00	0.00	1.00	0.55	0.63	1.00	0.02	1.00	-0.49	0.92	-0.82	0.59	-1.00	0.12	-0.96	-0.33	-0.65	-0.69	-0.24	-0.86	0.35	-1.00	0.75	-0.73	0.92	-0.22	0.93	0.22	0.73	0.57	0.24	0.90	-0.12	0.90	g
1.00	0.00	0.00	0.00	-1.00	-1.00	-1.00	1.00	0.00	0.00	-1.00	1.00	1.00	1.00	1.00	-1.00	0.00	0.00	0.00	0.00	-1.00	-1.00	-1.00	1.00	1.00	0.44	1.00	-1.00	0.00	0.00	-1.00	-1.00	-1.00	1.00	b
1.00	0.00	0.44	0.44	0.54	0.91	-0.22	1.00	-0.33	0.89	-1.00	0.33	-1.00	-0.11	-1.00	-0.22	-0.67	-0.78	0.56	-1.00	-0.22	-0.78	0.78	-0.22	0.33	0.00	0.92	0.45	0.57	0.84	0.22	1.00	-0.56	1.00	g
0.00	0.00	0.00	0.00	0.00	0.00	0.00	0.00	0.00	0.00	0.00	0.00	0.00	0.00	0.00	0.00	0.00	0.00	0.00	0.00	0.00	0.00	0.00	0.00	0.00	0.00	1.00	0.00	0.00	0.00	0.00	0.00	0.00	0.00	b
1.00	0.00	1.00	0.00	1.00	0.00	0.50	0.50	0.75	0.00	0.91	0.12	0.89	0.14	0.87	0.16	0.75	0.25	0.75	0.50	0.75	0.00	1.00	-0.25	0.50	0.50	0.74	0.26	0.75	0.25	0.70	0.29	0.67	0.30	g
0.00	0.00	-1.00	1.00	1.00	1.00	0.00	0.00	1.00	-1.00	1.00	-1.00	1.00	-1.00	-1.00	-1.00	0.00	0.00	-1.00	-1.00	0.00	0.00	0.00	0.00	-1.00	-1.00	1.00	-1.00	1.00	1.00	-1.00	-1.00	0.00	0.00	b
1.00	0.00	1.00	0.00	1.00	0.00	0.67	0.11	1.00	-0.11	0.89	-0.11	1.00	-0.22	0.78	0.00	0.78	0.00	1.00	-0.11	0.78	-0.11	0.67	-0.11	0.67	0.00	0.90	-0.05	1.00	0.11	0.89	-0.11	1.00	0.00	g
0.00	0.00	0.00	0.00	0.00	0.00	0.00	0.00	0.00	0.00	0.00	0.00	-1.00	-1.00	0.00	0.00	1.00	0.75	0.00	0.00	0.00	0.00	-1.00	1.00	0.00	0.00	1.00	-1.00	-1.00	-1.00	1.00	1.00	0.00	0.00	b
1.00	0.00	1.00	0.45	1.00	-0.45	1.00	0.09	1.00	-0.09	1.00	0.00	1.00	-0.27	1.00	-0.18	1.00	0.09	1.00	0.00	1.00	-0.36	1.00	0.09	1.00	-0.09	1.00	-0.05	1.00	0.45	1.00	-0.27	1.00	-0.18	g
1.00	0.00	0.62	-0.64	0.00	0.00	0.00	0.00	0.34	0.29	0.43	0.39	-0.08	0.52	0.36	0.31	-0.54	0.33	0.12	-0.15	0.02	-0.53	-0.58	0.18	0.29	-0.27	0.26	-0.58	0.43	0.24	0.18	-0.02	0.17	-0.42	b
1.00	0.00	1.00	0.12	1.00	0.24	1.00	0.41	1.00	0.06	1.00	0.24	1.00	0.12	1.00	0.47	1.00	-0.06	1.00	-0.12	1.00	0.35	1.00	0.41	1.00	-0.12	1.00	0.20	1.00	0.06	1.00	0.35	1.00	0.24	g
1.00	0.00	0.00	0.00	-1.00	-0.63	1.00	0.51	0.08	-0.23	-1.00	-0.36	0.13	-0.59	1.00	-1.00	0.00	0.00	0.83	-0.08	-0.25	1.00	0.17	-0.71	0.00	0.00	-0.19	-0.47	-0.22	-0.49	0.74	0.90	-0.68	0.46	b
1.00	0.00	0.92	0.29	0.83	-0.17	0.71	0.25	0.88	-0.08	0.92	0.04	0.83	0.13	0.71	0.00	0.88	0.04	1.00	0.08	0.67	-0.08	0.75	0.17	0.83	-0.13	0.84	0.06	1.00	0.21	0.71	0.00	0.71	0.04	g
1.00	0.00	0.19	-0.17	0.00	0.00	0.00	0.00	0.00	0.00	0.00	0.00	0.12	-0.19	0.00	0.00	0.00	0.00	0.00	0.00	0.00	0.00	-0.05	-0.07	0.08	0.09	0.17	-0.11	0.13	0.10	0.03	-0.05	0.17	0.20	b
1.00	0.00	1.00	-0.08	1.00	-0.11	0.99	-0.30	1.00	-0.33	0.97	-0.34	0.86	-0.47	0.92	-0.48	0.73	-0.65	0.68	-0.64	0.82	-0.78	0.59	-0.75	0.67	-0.96	0.49	-0.86	0.38	-0.84	0.24	-0.89	0.29	-0.90	g
1.00	0.00	1.00	1.00	-1.00	1.00	-1.00	-0.82	0.35	0.21	0.46	0.07	0.23	0.06	0.35	0.35	0.73	-0.04	0.23	0.53	0.00	0.00	-0.30	-0.16	1.00	-0.67	1.00	-1.00	1.00	-0.25	0.35	0.20	0.83	0.08	b
1.00	0.00	1.00	0.24	1.00	0.00	0.80	-0.30	0.90	-0.23	0.71	-0.24	0.74	-0.31	0.71	-0.36	0.47	-0.61	0.40	-0.55	0.61	-0.39	0.53	-0.33	0.24	-0.52	0.29	-0.48	0.13	-0.39	0.16	-0.51	0.18	-0.47	g
0.00	0.00	-1.00	1.00	1.00	-1.00	0.00	0.00	0.00	0.00	1.00	-1.00	1.00	1.00	0.00	0.00	1.00	-1.00	0.00	0.00	0.00	0.00	1.00	1.00	-1.00	1.00	1.00	-1.00	-1.00	1.00	-1.00	-1.00	0.00	0.00	b
1.00	0.00	0.92	-0.19	0.96	-0.18	0.87	-0.23	0.82	-0.27	0.79	-0.29	0.70	-0.50	0.63	-0.50	0.37	-0.71	0.27	-0.72	0.41	-0.54	0.34	-0.60	0.15	-0.64	0.09	-0.60	-0.07	-0.55	-0.02	-0.54	-0.07	-0.48	g
1.00	0.00	-1.00	-1.00	-0.51	1.00	1.00	-1.00	1.00	0.54	0.00	0.00	0.24	-1.00	1.00	1.00	0.00	0.00	1.00	1.00	1.00	1.00	0.00	0.00	-0.72	1.00	0.33	-1.00	1.00	-1.00	0.70	-1.00	0.48	1.00	b
1.00	0.00	0.84	0.43	0.50	0.76	0.10	0.93	-0.38	0.88	-0.72	0.61	-0.94	0.19	-0.87	-0.26	-0.63	-0.66	-0.25	-0.86	0.16	-0.86	0.51	-0.67	0.75	-0.29	0.78	0.08	0.64	0.43	0.31	0.62	0.00	0.69	g
1.00	0.00	1.00	1.00	0.00	0.00	1.00	-1.00	-1.00	-1.00	1.00	1.00	1.00	-1.00	0.00	0.00	1.00	-1.00	1.00	1.00	0.00	0.00	1.00	-1.00	-1.00	-1.00	1.00	1.00	-1.00	1.00	-1.00	1.00	0.00	0.00	b
1.00	0.00	1.00	0.64	1.00	1.00	0.77	1.00	-0.33	1.00	-1.00	1.00	0.00	1.00	-1.00	1.00	-1.00	0.00	-1.00	-0.67	-1.00	-0.93	-1.00	-0.33	-0.33	-1.00	0.19	-1.00	1.00	-1.00	0.00	-1.00	1.00	-0.67	g
0.00	0.00	-1.00	1.00	-1.00	-1.00	0.00	0.00	-1.00	1.00	1.00	-1.00	-1.00	-1.00	-1.00	1.00	0.00	0.00	-1.00	-1.00	-1.00	1.00	0.00	0.00	1.00	-1.00	1.00	1.00	1.00	-1.00	1.00	1.00	0.00	0.00	b
1.00	0.00	1.00	0.07	1.00	0.14	1.00	0.22	1.00	-0.13	1.00	0.39	1.00	0.49	1.00	0.59	-0.38	1.00	1.00	0.00	1.00	0.92	1.00	1.00	1.00	1.00	1.00	1.00	1.00	0.25	1.00	1.00	1.00	1.00	g
0.00	0.00	-1.00	-1.00	0.00	0.00	0.00	0.00	0.00	0.00	0.00	0.00	0.00	0.00	1.00	-1.00	0.00	0.00	-1.00	-1.00	0.00	0.00	1.00	1.00	1.00	-1.00	1.00	-1.00	0.00	0.00	0.00	0.00	0.00	0.00	b
1.00	0.00	0.65	-0.08	0.58	-0.14	-0.13	-0.21	0.30	0.04	0.38	-0.26	0.29	-0.32	0.03	-0.19	0.20	-0.29	0.15	-0.29	0.10	-0.32	0.07	-0.27	0.03	-0.25	0.00	-0.23	-0.03	-0.21	-0.05	-0.19	0.01	-0.27	g
1.00	0.00	0.00	0.00	0.00	0.00	0.00	0.00	0.00	0.00	1.00	-0.33	0.17	0.26	0.00	0.00	0.00	0.00	0.00	0.00	-0.20	-0.22	-0.17	0.91	-1.00	0.50	0.04	0.75	-0.23	-1.00	-0.13	-0.27	-0.20	-0.94	b
1.00	0.00	1.00	0.05	0.99	0.10	0.96	0.15	0.96	-0.26	0.66	0.55	0.80	0.25	0.74	0.27	0.67	0.29	0.60	0.29	0.52	0.29	0.46	0.28	0.39	0.27	0.33	0.26	0.27	0.24	0.22	0.21	0.18	0.19	g
1.00	0.00	1.00	-0.10	-1.00	-1.00	-1.00	-1.00	1.00	0.32	0.81	0.76	-1.00	-1.00	-1.00	1.00	0.47	1.00	1.00	1.00	0.69	-1.00	-1.00	-1.00	0.83	0.37	1.00	1.00	1.00	0.51	-1.00	-0.33	-1.00	0.73	b
1.00	0.00	0.94	0.00	0.61	0.43	0.92	-0.40	0.93	0.17	0.96	0.09	1.00	0.08	0.92	0.05	0.85	-0.25	0.87	-0.14	0.85	0.26	0.75	-0.04	0.85	-0.03	0.87	-0.02	0.99	0.09	0.78	-0.10	0.86	-0.15	g
1.00	0.00	1.00	-1.00	1.00	1.00	1.00	1.00	1.00	-0.50	1.00	1.00	1.00	1.00	1.00	1.00	0.00	0.00	1.00	1.00	1.00	1.00	1.00	-1.00	1.00	1.00	1.00	0.63	1.00	-0.75	-0.75	1.00	1.00	1.00	b
1.00	0.00	1.00	0.23	1.00	-0.79	1.00	-0.10	1.00	0.15	1.00	0.28	0.98	-0.07	1.00	0.07	0.96	-0.19	0.84	-0.16	0.97	0.04	1.00	0.09	1.00	-0.01	0.96	-0.05	0.91	0.04	1.00	-0.14	0.97	-0.12	g
1.00	0.00	0.37	-1.00	-1.00	-1.00	-0.08	1.00	1.00	0.95	0.75	-0.39	-1.00	-0.79	-0.10	1.00	0.49	0.47	0.32	-0.27	-0.14	-0.20	-0.12	0.07	0.03	0.07	0.03	-0.01	0.00	-0.02	-0.01	0.00	0.00	0.00	b
1.00	0.00	0.80	0.38	0.81	-0.17	1.00	-0.08	0.98	-0.07	0.70	0.21	1.00	0.02	0.98	0.02	1.00	-0.13	0.96	0.08	1.00	0.00	0.90	0.31	1.00	-0.15	1.00	0.00	0.76	0.08	1.00	-0.19	1.00	-0.06	g
0.00	0.00	0.00	0.00	0.00	0.00	0.00	0.00	0.00	0.00	0.00	0.00	1.00	1.00	1.00	1.00	1.00	-1.00	0.00	0.00	1.00	1.00	1.00	-1.00	1.00	1.00	1.00	0.00	1.00	1.00	1.00	-1.00	0.00	0.00	b
1.00	0.00	1.00	-0.28	1.00	-0.25	0.95	-0.35	1.00	-0.31	0.93	-0.49	0.91	-0.44	0.76	-0.59	0.70	-0.58	0.60	-0.58	0.68	-0.71	0.54	-0.87	0.49	-0.73	0.36	-0.76	0.26	-0.78	0.17	-0.73	0.14	-0.70	g
1.00	0.00	0.00	0.00	0.00	0.00	0.00	0.00	-0.85	-1.00	0.00	0.00	1.00	-1.00	0.00	0.00	-1.00	-1.00	-1.00	-1.00	1.00	-1.00	-0.60	-1.00	1.00	1.00	-1.00	-0.20	1.00	-1.00	0.00	1.00	0.00	0.00	b
1.00	0.00	1.00	0.09	0.95	-0.09	0.77	0.00	1.00	0.00	0.95	0.00	1.00	0.05	0.91	-0.05	1.00	0.00	1.00	0.00	0.86	0.09	0.77	0.09	0.91	0.05	0.92	0.03	0.95	0.09	0.86	-0.09	0.86	0.05	g
0.00	0.00	0.00	0.00	-1.00	1.00	1.00	1.00	-1.00	-1.00	0.00	0.00	-1.00	-1.00	-1.00	-0.31	-1.00	-1.00	1.00	-1.00	1.00	-1.00	0.00	0.00	1.00	-1.00	-1.00	-1.00	0.00	0.00	1.00	-1.00	0.00	0.00	b
1.00	0.00	0.91	-0.09	0.97	0.18	0.82	0.09	0.91	-0.03	0.97	-0.18	0.97	0.15	0.94	0.03	1.00	0.00	1.00	0.00	0.76	0.12	0.88	0.03	0.85	0.03	0.93	0.03	0.94	-0.12	0.97	0.06	0.91	0.06	g
1.00	0.00	-1.00	1.00	-1.00	0.15	0.28	1.00	-1.00	1.00	-1.00	-1.00	1.00	1.00	-1.00	-0.23	0.28	-1.00	1.00	1.00	-0.31	-1.00	-1.00	-1.00	1.00	-1.00	-1.00	-0.04	1.00	-1.00	-1.00	-0.32	0.15	1.00	b
1.00	0.00	0.47	-0.11	0.84	0.02	0.83	0.03	0.68	-0.05	0.68	0.00	0.80	0.05	0.78	0.06	0.84	0.47	1.00	0.05	0.73	0.08	0.70	0.08	0.42	0.21	0.65	0.09	0.53	-0.21	0.60	0.10	0.57	0.10	g
1.00	0.00	-0.01	-0.50	0.00	0.00	-0.02	1.00	0.00	0.00	0.00	0.00	0.00	0.00	0.00	0.00	0.00	0.00	0.31	0.93	-0.35	0.74	-0.35	-0.81	0.00	0.00	-0.62	-0.51	0.00	0.00	0.00	0.00	0.00	0.00	b
1.00	0.00	1.00	0.45	1.00	0.55	0.82	0.64	1.00	-0.09	1.00	0.00	0.82	-0.45	0.64	0.27	1.00	-0.64	1.00	-0.27	0.91	-0.45	1.00	0.08	1.00	-0.09	1.00	0.09	1.00	0.36	1.00	0.64	0.73	0.27	g
0.00	0.00	-1.00	-1.00	1.00	-1.00	-1.00	1.00	0.00	0.00	1.00	-1.00	1.00	-1.00	0.00	0.00	0.00	0.00	0.00	0.00	-1.00	1.00	1.00	-1.00	-1.00	1.00	1.00	1.00	0.00	0.00	1.00	0.50	0.00	0.00	b
1.00	0.00	0.45	0.09	0.64	0.09	0.27	0.18	0.64	0.00	0.36	-0.09	0.45	-0.09	0.49	-0.01	0.64	-0.18	0.45	0.00	0.36	-0.09	0.27	0.18	0.36	-0.09	0.34	-0.02	0.27	0.00	0.36	0.00	0.29	-0.02	g
1.00	0.00	-1.00	-0.60	0.00	0.00	-1.00	0.65	-0.87	1.00	0.00	0.00	0.00	0.00	0.00	0.00	0.00	0.00	0.00	0.00	-1.00	-1.00	0.00	0.00	0.30	0.23	1.00	0.52	0.00	0.00	0.00	0.00	0.00	0.00	b
1.00	0.00	1.00	0.14	1.00	0.71	1.00	0.71	1.00	-0.14	0.86	-0.14	1.00	0.03	1.00	0.00	0.43	-0.14	1.00	0.04	1.00	-0.29	1.00	0.00	0.29	-0.29	1.00	0.05	1.00	0.05	1.00	0.57	1.00	0.00	g
0.00	0.00	1.00	1.00	1.00	-1.00	1.00	1.00	1.00	1.00	1.00	1.00	1.00	-1.00	1.00	1.00	1.00	-1.00	1.00	-1.00	1.00	1.00	1.00	1.00	1.00	-1.00	1.00	1.00	1.00	1.00	1.00	1.00	1.00	1.00	b
1.00	0.00	0.87	0.47	0.54	0.82	0.10	0.95	-0.38	0.88	-0.74	0.58	-0.92	0.17	-0.82	-0.25	-0.59	-0.63	-0.24	-0.83	0.19	-0.79	0.52	-0.57	0.69	-0.25	0.69	0.10	0.53	0.40	0.26	0.57	-0.07	0.58	g
0.00	0.00	1.00	-1.00	1.00	1.00	1.00	-1.00	1.00	1.00	1.00	-1.00	1.00	-1.00	1.00	-1.00	1.00	1.00	1.00	1.00	1.00	1.00	1.00	-1.00	1.00	1.00	1.00	1.00	1.00	1.00	1.00	1.00	1.00	-1.00	b
1.00	0.00	0.93	0.04	0.89	0.16	0.86	0.20	0.84	0.37	0.81	0.40	0.76	0.41	0.67	0.48	0.60	0.52	0.53	0.52	0.48	0.54	0.43	0.56	0.33	0.55	0.27	0.54	0.22	0.53	0.14	0.49	0.12	0.47	g
0.00	0.00	1.00	1.00	1.00	-1.00	1.00	-1.00	1.00	1.00	0.00	0.00	1.00	-1.00	0.00	0.00	0.00	0.00	0.00	0.00	-1.00	1.00	1.00	1.00	0.00	0.00	1.00	1.00	0.00	0.00	-1.00	-1.00	0.00	0.00	b
1.00	0.00	0.94	0.14	0.94	0.25	0.86	0.39	0.79	0.47	0.72	0.60	0.65	0.75	0.51	0.74	0.42	0.83	0.26	0.86	0.14	0.86	0.00	0.89	-0.07	0.80	-0.21	0.78	-0.33	0.71	-0.39	0.64	-0.47	0.56	g
0.00	0.00	1.00	-1.00	-1.00	1.00	-1.00	1.00	1.00	1.00	1.00	1.00	-1.00	-1.00	-1.00	-1.00	1.00	1.00	1.00	-1.00	-1.00	-1.00	-1.00	-1.00	1.00	0.00	1.00	-1.00	1.00	-1.00	-1.00	1.00	-1.00	1.00	b
1.00	0.00	0.81	0.13	0.73	0.24	0.65	0.19	0.37	0.46	0.45	0.46	0.25	0.57	0.25	0.37	0.15	0.52	-0.10	0.57	-0.03	0.43	-0.09	0.44	-0.15	0.40	-0.20	0.35	-0.24	0.30	-0.27	0.24	-0.24	0.31	g
0.00	0.00	1.00	-1.00	1.00	1.00	1.00	-1.00	1.00	1.00	1.00	-1.00	1.00	1.00	1.00	-1.00	1.00	-1.00	1.00	1.00	1.00	1.00	1.00	-1.00	1.00	-1.00	1.00	-1.00	1.00	1.00	1.00	-1.00	1.00	1.00	b
1.00	0.00	0.97	0.13	0.94	0.20	0.89	0.32	0.89	0.33	0.86	0.45	0.72	0.52	0.70	0.59	0.59	0.67	0.49	0.70	0.44	0.68	0.35	0.76	0.27	0.76	0.17	0.79	0.07	0.80	-0.03	0.78	-0.10	0.74	g
0.00	0.00	0.00	0.00	1.00	1.00	0.00	0.00	1.00	1.00	0.00	0.00	1.00	-1.00	0.00	0.00	0.00	0.00	0.00	0.00	0.00	0.00	0.00	0.00	0.00	0.00	1.00	-1.00	0.00	0.00	-1.00	1.00	0.00	0.00	b
1.00	0.00	0.92	0.15	0.86	0.30	0.73	0.37	0.71	0.57	0.57	0.63	0.43	0.75	0.32	0.68	0.19	0.77	0.05	0.76	-0.12	0.77	-0.18	0.71	-0.29	0.66	-0.39	0.59	-0.47	0.50	-0.53	0.41	-0.56	0.35	g
0.00	0.00	0.00	0.00	1.00	1.00	1.00	1.00	0.00	0.00	0.00	0.00	-1.00	-1.00	0.00	0.00	-1.00	-1.00	0.00	0.00	0.00	0.00	1.00	1.00	0.00	0.00	1.00	1.00	0.00	0.00	-1.00	1.00	0.00	0.00	b
1.00	0.00	0.89	0.38	0.66	0.69	0.29	0.88	-0.07	0.90	-0.40	0.80	-0.65	0.57	-0.83	0.27	-0.79	-0.08	-0.63	-0.31	-0.47	-0.56	-0.16	-0.64	0.10	-0.61	0.30	-0.48	0.43	-0.30	0.47	-0.09	0.42	0.13	g
0.00	0.00	1.00	-1.00	1.00	1.00	1.00	1.00	1.00	1.00	1.00	1.00	1.00	-1.00	1.00	1.00	1.00	1.00	1.00	-1.00	1.00	-1.00	1.00	-1.00	1.00	-1.00	1.00	1.00	1.00	-1.00	1.00	1.00	1.00	1.00	b
1.00	0.00	0.74	-0.38	0.80	0.10	0.79	0.15	0.56	0.05	1.00	0.21	0.72	0.29	0.69	0.33	0.50	0.17	0.64	-0.03	0.57	0.43	0.53	0.45	0.95	0.58	0.44	0.48	0.12	1.00	0.35	0.50	0.31	0.50	g
0.00	0.00	0.00	0.00	0.00	0.00	0.00	0.00	0.00	0.00	0.00	0.00	0.00	0.00	0.00	0.00	0.00	0.00	0.00	0.00	0.00	0.00	0.00	0.00	0.00	0.00	1.00	1.00	0.00	0.00	0.00	0.00	0.00	0.00	b
1.00	0.00	0.95	0.01	0.97	0.00	0.99	0.00	0.96	0.02	0.94	0.04	0.97	0.05	0.99	0.02	0.94	0.07	0.99	-0.01	0.98	0.05	0.96	0.07	0.93	0.08	0.95	0.04	0.97	0.01	0.98	0.07	1.00	0.00	g
0.00	0.00	1.00	1.00	-1.00	-1.00	-1.00	-1.00	0.00	0.00	0.00	0.00	-1.00	-1.00	0.00	0.00	0.00	0.00	0.00	0.00	-1.00	1.00	1.00	1.00	0.00	0.00	1.00	-1.00	0.00	0.00	-1.00	-1.00	-1.00	-1.00	b
1.00	0.00	0.50	-0.17	0.71	0.02	0.71	0.02	0.68	0.01	0.35	0.06	0.69	0.04	0.68	0.05	0.67	0.06	0.63	-0.05	0.65	0.07	0.63	0.07	0.84	0.18	0.60	0.08	0.38	0.07	0.56	0.09	0.55	0.09	g
1.00	0.00	0.69	1.00	0.92	-0.76	0.82	0.04	0.76	0.11	0.87	0.74	0.70	0.18	0.76	0.14	0.93	-0.25	0.71	0.19	0.65	0.25	0.60	0.77	1.00	-0.54	0.89	0.22	0.71	0.54	1.00	-0.07	0.57	0.24	b
1.00	0.00	0.76	-0.08	1.00	-0.30	1.00	-0.86	0.80	0.06	0.46	-0.43	1.00	-0.13	1.00	-0.84	0.49	0.02	0.82	-0.06	0.98	-0.20	1.00	0.22	0.70	-0.26	0.92	-0.25	0.79	0.02	0.87	-0.27	1.00	-0.57	g
1.00	0.00	0.39	0.16	0.41	0.07	0.26	0.24	0.23	0.13	0.19	0.25	0.25	0.37	0.09	0.23	-0.04	0.37	0.05	0.25	0.25	0.10	0.08	0.30	-0.02	0.28	-0.06	0.26	-0.15	0.15	-0.09	0.31	-0.19	0.29	b
1.00	0.00	0.58	-0.03	0.75	-0.05	0.62	-0.01	0.54	0.03	0.62	0.10	0.59	-0.02	0.63	0.01	0.71	0.03	0.60	0.02	0.48	-0.03	0.59	0.04	0.50	0.04	0.61	-0.01	0.62	-0.13	0.69	-0.01	0.63	-0.03	g
1.00	0.00	0.06	-0.15	-0.04	0.06	0.08	-0.02	-0.01	0.19	0.06	0.00	0.12	-0.10	0.06	0.00	0.02	-0.03	-0.13	-0.21	0.07	0.01	0.07	0.03	0.08	0.16	0.28	-0.05	-0.06	-0.09	0.04	0.05	0.07	-0.11	b
1.00	0.00	0.62	0.11	0.71	-0.07	0.70	0.02	0.74	0.00	0.71	0.16	0.72	0.00	0.80	0.07	0.84	-0.17	0.69	-0.09	0.63	-0.01	0.61	0.12	0.71	-0.10	0.70	-0.02	0.63	0.05	0.79	-0.05	0.65	-0.05	g
1.00	0.00	0.25	0.36	0.00	0.00	-0.30	-1.00	0.00	0.00	0.08	-0.07	0.00	0.00	0.00	0.00	0.00	0.00	0.00	0.00	0.01	0.68	-0.20	0.34	-0.10	0.36	0.06	-1.00	0.00	0.00	0.06	-1.00	0.00	0.00	b
1.00	0.00	0.88	-0.01	0.90	-0.02	0.94	-0.02	0.89	-0.13	0.82	-0.11	0.89	0.01	0.91	-0.14	0.87	-0.06	0.91	-0.02	0.88	-0.15	0.83	-0.12	0.90	-0.20	0.88	-0.15	0.84	-0.13	0.88	-0.19	0.92	-0.17	g
1.00	0.00	0.43	-0.50	0.00	0.00	0.00	0.00	0.46	0.51	0.59	0.02	0.00	0.00	0.00	0.00	0.16	-0.45	0.59	-0.18	0.00	0.00	0.00	0.00	0.99	-0.41	-1.00	-1.00	-0.28	-0.76	0.00	0.00	0.00	0.00	b
1.00	0.00	0.89	0.02	0.92	0.01	0.92	0.01	0.89	-0.10	0.90	-0.08	0.93	-0.01	0.93	-0.09	0.86	-0.05	0.89	-0.04	0.88	-0.12	0.89	-0.12	0.83	-0.14	0.86	-0.12	0.86	-0.13	0.84	-0.12	0.87	-0.12	g
1.00	0.00	0.00	0.00	1.00	0.13	0.88	-0.02	0.00	0.00	1.00	-0.42	1.00	0.20	1.00	-0.05	1.00	-0.82	0.00	0.00	1.00	-0.04	1.00	-0.19	0.00	0.00	1.00	-1.00	0.00	0.00	1.00	0.12	0.91	-0.10	b
1.00	0.00	0.81	0.04	0.85	0.00	0.79	0.01	0.80	-0.04	0.88	0.00	0.86	-0.07	0.86	0.00	0.83	-0.05	0.81	-0.12	0.77	-0.08	0.84	-0.05	0.77	-0.07	0.82	-0.09	0.83	-0.10	0.81	-0.05	0.82	-0.15	g
1.00	0.00	0.00	0.00	0.00	0.00	0.00	0.00	0.00	0.00	0.00	0.00	-1.00	1.00	1.00	0.55	0.00	0.00	0.00	0.00	0.00	0.00	0.00	0.00	0.00	0.00	1.00	1.00	0.00	0.00	0.00	0.00	0.00	0.00	b
1.00	0.00	0.50	0.02	0.43	-0.10	0.51	-0.04	0.50	0.10	0.45	0.06	0.56	-0.12	0.52	-0.04	0.53	-0.06	0.55	-0.01	0.49	-0.03	0.49	-0.01	0.59	0.00	0.53	-0.03	0.43	0.03	0.55	-0.05	0.59	-0.09	g
0.00	0.00	0.00	0.00	0.00	0.00	0.00	0.00	0.00	0.00	0.00	0.00	0.00	0.00	0.00	0.00	0.00	0.00	0.00	0.00	0.00	0.00	0.00	0.00	0.00	0.00	1.00	-1.00	0.00	0.00	0.00	0.00	0.00	0.00	b
1.00	0.00	1.00	0.50	1.00	0.25	0.25	1.00	0.17	0.91	-0.13	0.80	-0.34	0.61	-0.44	0.38	-0.44	0.17	-0.37	0.01	-0.26	-0.09	-0.16	-0.13	-0.08	-0.13	-0.02	-0.10	0.01	-0.07	0.02	-0.04	0.02	-0.02	g
1.00	0.00	0.00	0.00	0.00	0.00	1.00	1.00	-1.00	-1.00	0.00	0.00	1.00	-0.11	0.00	0.00	0.00	0.00	-1.00	1.00	1.00	1.00	1.00	-1.00	0.00	0.00	1.00	-1.00	0.00	0.00	0.00	0.00	1.00	1.00	b
1.00	0.00	0.87	0.38	0.64	0.69	0.31	0.87	-0.04	0.91	-0.42	0.79	-0.71	0.52	-0.81	0.23	-0.81	-0.13	-0.67	-0.38	-0.38	-0.63	-0.13	-0.71	0.16	-0.66	0.39	-0.52	0.53	-0.30	0.56	-0.06	0.51	0.17	g
1.00	0.00	0.00	0.00	0.00	0.00	0.00	0.00	-1.00	1.00	0.00	0.00	1.00	0.37	-0.12	-0.12	0.00	0.00	-1.00	-1.00	0.00	0.00	1.00	-1.00	0.00	0.00	1.00	0.23	0.00	0.00	0.00	0.00	0.00	0.00	b
1.00	0.00	0.88	0.43	0.60	0.78	0.20	0.95	-0.24	0.93	-0.63	0.71	-0.86	0.34	-0.92	-0.05	-0.77	-0.45	-0.47	-0.73	-0.10	-0.82	0.26	-0.78	0.56	-0.56	0.72	-0.24	0.72	0.10	0.58	0.39	0.35	0.58	g
1.00	0.00	0.33	0.03	0.15	0.21	0.15	0.74	-0.26	0.92	-0.10	0.19	-0.61	0.26	-0.94	-0.05	-0.13	-0.14	-0.30	-0.45	-0.11	-0.86	0.03	-0.23	0.28	-0.06	0.34	-0.12	0.28	-0.11	0.15	0.13	0.12	0.20	g
1.00	0.00	0.83	0.39	0.54	0.79	0.12	0.89	-0.33	0.84	-0.70	0.60	-0.87	0.22	-0.84	-0.24	-0.60	-0.62	-0.19	-0.88	0.12	-0.89	0.51	-0.72	0.79	-0.28	0.83	0.09	0.67	0.49	0.38	0.70	-0.04	0.79	g
1.00	0.00	0.62	-0.03	0.59	0.00	0.60	-0.07	0.63	0.01	0.62	-0.07	0.67	0.07	0.63	-0.08	0.68	0.09	0.67	0.00	0.59	0.10	0.50	0.03	0.66	0.14	0.60	0.02	0.51	0.04	0.62	-0.01	0.61	-0.09	g
1.00	0.00	0.74	-0.02	0.71	0.03	0.72	0.17	0.79	0.08	0.81	0.44	0.64	0.01	0.71	0.22	1.00	0.06	0.61	0.05	0.67	0.04	0.52	-0.25	0.73	-0.16	0.62	0.07	0.31	0.09	0.56	0.07	0.60	0.22	g
1.00	0.00	0.62	0.19	0.78	0.02	0.77	0.03	0.65	-0.10	0.78	0.08	0.74	0.05	0.72	0.06	0.69	-0.09	0.62	0.16	0.66	0.08	0.64	0.08	0.60	-0.07	0.59	0.09	0.55	0.26	0.53	0.09	0.51	0.09	g
1.00	0.00	0.68	0.05	0.85	0.00	0.84	0.00	0.84	0.10	0.76	0.04	0.82	0.01	0.81	0.01	0.81	-0.12	0.78	-0.04	0.76	0.01	0.75	0.01	0.80	-0.04	0.71	0.01	0.62	0.12	0.67	0.01	0.64	0.01	g
1.00	0.00	0.50	0.00	0.39	0.10	0.49	0.07	0.47	-0.04	0.36	-0.13	0.46	0.05	0.50	0.03	0.36	0.20	0.42	0.15	0.42	-0.03	0.32	-0.11	0.47	-0.01	0.42	0.07	0.39	0.04	0.35	0.15	0.45	0.17	g
1.00	0.00	0.80	0.09	0.78	0.21	0.72	0.28	0.69	0.41	0.66	0.50	0.58	0.61	0.49	0.58	0.33	0.68	0.30	0.64	0.10	0.68	0.02	0.72	-0.09	0.63	-0.12	0.61	-0.18	0.56	-0.26	0.52	-0.27	0.42	g
1.00	0.00	1.00	0.10	1.00	0.25	0.98	0.33	0.80	0.53	0.75	0.60	0.57	0.72	0.55	0.74	0.29	0.82	0.21	0.80	0.10	0.82	-0.02	0.80	-0.15	0.76	-0.23	0.69	-0.32	0.61	-0.40	0.55	-0.43	0.45	g
1.00	0.00	0.89	0.13	0.87	0.32	0.79	0.43	0.63	0.60	0.54	0.71	0.40	0.76	0.24	0.80	0.09	0.80	-0.09	0.76	-0.20	0.67	-0.30	0.63	-0.41	0.50	-0.46	0.41	-0.50	0.27	-0.53	0.19	-0.49	0.06	g
1.00	0.00	0.95	0.17	0.91	0.33	0.85	0.50	0.74	0.64	0.59	0.74	0.49	0.84	0.30	0.91	0.18	0.93	-0.01	0.93	-0.19	0.89	-0.33	0.82	-0.47	0.76	-0.59	0.66	-0.68	0.53	-0.75	0.42	-0.81	0.26	g
1.00	0.00	0.92	0.18	0.86	0.36	0.73	0.46	0.60	0.70	0.50	0.75	0.36	0.82	0.16	0.84	0.00	0.85	-0.16	0.78	-0.36	0.76	-0.43	0.65	-0.53	0.54	-0.60	0.41	-0.65	0.27	-0.66	0.14	-0.64	0.05	g
1.00	0.00	0.77	0.21	0.64	0.38	0.48	0.52	0.15	0.22	0.14	0.60	-0.08	0.45	0.00	0.49	-0.27	0.42	-0.56	0.37	-0.37	0.19	-0.41	0.08	-0.38	-0.03	-0.34	-0.12	-0.28	-0.20	-0.20	-0.25	-0.12	-0.27	g
1.00	0.00	0.59	-0.61	0.85	0.55	0.81	0.07	0.57	0.16	0.33	0.24	0.50	0.12	0.64	0.20	0.72	0.43	0.54	0.14	0.65	0.28	0.69	0.07	0.52	0.27	0.49	0.28	0.46	0.29	0.43	0.29	0.41	0.30	g
1.00	0.00	1.00	0.11	0.70	-0.12	0.82	0.10	0.71	0.01	0.56	-0.08	0.69	0.13	0.59	0.04	0.53	-0.03	0.69	0.17	0.73	0.07	0.32	0.06	0.53	0.37	0.49	0.18	0.15	0.32	0.44	0.19	0.56	0.15	g
1.00	0.00	0.85	0.07	0.81	-0.02	0.77	-0.03	0.67	-0.07	0.60	-0.08	0.67	-0.06	0.64	-0.06	0.39	0.05	0.71	0.01	0.56	-0.08	0.53	-0.08	0.47	-0.23	0.49	-0.09	0.53	-0.09	0.44	-0.10	0.42	-0.10	g
1.00	0.00	1.00	0.08	0.97	0.00	0.97	-0.01	0.88	-0.04	1.00	0.01	0.96	-0.01	0.96	-0.02	0.98	0.01	0.91	-0.09	0.95	-0.02	0.95	-0.03	0.98	0.02	0.94	-0.03	1.00	-0.06	0.93	-0.03	0.92	-0.04	g
1.00	0.00	0.48	-0.12	0.43	-0.12	0.70	-0.39	0.73	0.07	0.26	-0.22	0.49	0.16	0.45	-0.12	0.42	0.06	0.50	-0.27	0.55	0.19	0.42	0.08	0.71	0.20	0.53	-0.12	0.15	-0.26	0.47	0.04	0.45	-0.52	g
1.00	0.00	0.64	-0.04	0.77	0.03	0.61	0.36	0.65	0.00	0.64	0.08	0.79	-0.43	0.73	0.55	0.60	0.14	0.64	0.22	0.63	-0.25	0.71	0.15	0.65	0.23	0.69	0.18	0.62	0.08	0.66	0.20	0.69	0.37	g
1.00	0.00	0.50	-0.04	0.61	0.01	0.59	0.02	0.59	0.02	0.67	0.00	0.72	-0.05	0.67	0.01	0.57	0.02	0.65	-0.07	0.57	0.14	0.58	-0.04	0.47	0.05	0.57	0.01	0.48	-0.04	0.55	0.11	0.61	-0.08	g
1.00	0.00	0.72	-0.01	0.67	-0.04	0.63	-0.05	0.78	0.08	0.67	0.10	0.65	0.16	0.60	-0.02	0.54	-0.05	0.47	-0.10	0.65	0.15	0.39	0.22	0.52	-0.06	0.45	0.00	0.31	-0.07	0.49	-0.11	0.30	-0.05	g
1.00	0.00	0.68	0.10	0.77	0.03	0.65	0.08	0.61	0.00	0.79	0.12	0.60	0.05	0.62	0.10	0.78	-0.18	0.74	-0.11	0.49	0.01	0.61	0.08	0.67	-0.13	0.64	-0.02	0.77	0.02	0.61	-0.07	0.51	-0.05	g
1.00	0.00	0.61	-0.03	0.67	0.04	0.53	-0.04	0.51	0.04	0.71	-0.08	0.58	-0.02	0.53	0.08	0.64	0.12	0.57	-0.02	0.53	0.01	0.72	-0.03	0.53	-0.03	0.57	0.01	0.59	0.00	0.59	-0.03	0.50	0.07	g
1.00	0.00	0.50	0.10	0.30	0.06	0.35	0.00	0.57	-0.02	0.58	0.02	0.33	0.05	0.52	0.00	0.47	-0.11	0.43	0.00	0.35	0.06	0.19	0.26	0.31	-0.15	0.37	0.04	0.39	0.17	0.26	0.00	0.37	-0.02	g
1.00	0.00	0.99	0.02	0.93	0.34	0.84	0.35	0.75	0.49	0.74	0.52	0.55	0.60	0.43	0.66	0.32	0.70	0.28	0.69	0.08	0.74	0.06	0.71	-0.16	0.70	-0.17	0.61	-0.16	0.56	-0.35	0.44	-0.33	0.37	g
1.00	0.00	0.98	0.16	0.90	0.35	0.82	0.49	0.72	0.65	0.59	0.74	0.40	0.83	0.25	0.85	0.05	0.85	-0.12	0.80	-0.26	0.81	-0.38	0.72	-0.51	0.58	-0.58	0.46	-0.62	0.31	-0.66	0.18	-0.64	0.03	g
1.00	0.00	1.00	0.22	0.92	0.47	0.77	0.62	0.53	0.78	0.37	0.88	0.10	0.83	-0.07	0.89	-0.28	0.72	-0.44	0.62	-0.56	0.48	-0.65	0.36	-0.65	0.16	-0.67	0.02	-0.65	-0.13	-0.55	-0.23	-0.47	-0.35	g
1.00	0.00	0.94	0.20	0.96	0.41	0.81	0.57	0.57	0.71	0.42	0.83	0.15	0.89	0.05	0.94	-0.25	0.84	-0.43	0.76	-0.50	0.63	-0.66	0.50	-0.69	0.31	-0.77	0.16	-0.75	-0.04	-0.75	-0.18	-0.67	-0.34	g
1.00	0.00	0.94	0.28	0.80	0.53	0.58	0.73	0.35	0.81	0.11	0.90	-0.20	0.89	-0.40	0.82	-0.59	0.63	-0.76	0.40	-0.81	0.19	-0.81	-0.04	-0.75	-0.27	-0.63	-0.46	-0.46	-0.61	-0.26	-0.71	-0.09	-0.71	g
1.00	0.00	0.90	0.35	0.67	0.62	0.44	0.94	-0.04	0.81	-0.23	0.75	-0.25	0.49	-0.57	0.28	-0.67	0.11	-0.47	-0.06	-0.81	-0.06	-0.33	-0.48	-0.13	-0.54	0.07	-0.52	0.24	-0.43	0.37	-0.30	0.43	0.13	g
1.00	0.00	0.29	0.10	0.23	0.17	0.04	0.34	0.12	0.26	0.06	0.21	-0.05	0.13	-0.06	0.08	-0.06	0.04	-0.05	0.01	-0.04	0.00	-0.03	-0.01	-0.02	-0.02	-0.01	-0.01	0.00	-0.01	0.00	-0.01	0.00	-0.01	g
1.00	0.00	0.58	-0.36	1.00	0.35	0.75	-0.01	0.83	0.19	0.50	-0.28	0.66	0.06	0.70	0.15	0.72	-0.43	0.76	0.05	0.67	0.20	0.85	-0.41	0.65	-0.05	0.57	-0.11	0.53	-0.13	0.16	-0.12	0.45	-0.10	g
1.00	0.00	0.84	0.13	0.72	0.06	0.66	0.08	0.24	0.13	0.44	0.20	0.49	0.13	0.45	0.14	0.29	0.03	0.48	0.16	0.33	0.15	0.29	0.15	0.26	0.15	0.24	0.14	0.26	0.16	0.19	0.14	0.17	0.13	g
1.00	0.00	0.94	0.12	0.86	0.01	0.85	0.02	0.77	0.00	0.84	0.11	0.83	0.03	0.83	0.04	0.75	0.02	0.80	0.02	0.81	0.05	0.80	0.05	0.77	0.02	0.79	0.06	0.86	0.09	0.78	0.07	0.77	0.08	g
1.00	0.00	0.87	0.04	0.80	0.18	0.99	0.29	0.89	-0.08	0.89	-0.02	0.90	-0.27	0.89	0.20	0.89	-0.05	0.84	-0.01	0.98	-0.34	0.79	-0.25	0.87	-0.09	0.86	-0.03	0.79	-0.04	0.76	0.22	0.88	0.09	g
1.00	0.00	0.75	0.03	0.99	0.10	0.76	0.13	0.74	-0.09	0.96	0.02	0.98	0.00	0.96	0.10	0.91	0.04	0.71	0.03	0.81	-0.08	1.00	0.00	0.72	-0.01	0.82	0.03	0.72	-0.01	0.90	0.11	0.73	0.03	g
1.00	0.00	0.47	0.20	0.06	-0.18	0.62	0.01	0.46	-0.04	0.57	0.02	0.45	0.28	0.72	-0.04	0.56	0.12	0.41	0.12	0.53	0.03	0.51	-0.11	0.48	-0.02	0.47	0.03	0.54	0.25	0.32	-0.14	0.35	0.00	g
1.00	0.00	0.60	0.15	0.70	-0.14	0.85	-0.14	0.81	0.02	0.50	0.03	0.67	-0.05	0.81	-0.14	0.51	-0.24	0.82	-0.14	0.70	0.00	0.33	0.06	0.56	-0.33	0.61	-0.17	0.53	-0.02	0.54	-0.31	0.67	-0.22	g
1.00	0.00	0.85	-0.03	0.86	-0.08	0.82	0.00	0.74	-0.08	0.72	-0.14	0.75	-0.12	0.77	-0.19	0.78	-0.21	0.62	-0.10	0.79	-0.16	0.89	-0.03	0.85	-0.26	0.74	-0.23	0.66	-0.22	0.73	-0.38	0.66	-0.25	g
1.00	0.00	0.88	-0.08	0.83	0.07	0.85	0.04	0.77	-0.02	0.77	-0.06	0.82	-0.11	0.68	-0.01	0.88	-0.21	0.83	0.03	0.86	-0.06	0.97	-0.28	0.85	-0.19	0.84	-0.10	0.86	-0.03	0.79	-0.11	0.79	-0.01	g
1.00	0.00	0.75	-0.13	0.54	0.17	0.73	0.09	0.70	-0.11	0.67	-0.24	0.88	-0.19	0.74	0.04	0.63	0.00	0.64	-0.12	0.79	-0.25	0.66	-0.29	0.67	-0.10	0.62	-0.12	0.60	-0.21	0.38	0.07	0.61	-0.01	g
1.00	0.00	0.47	0.11	0.59	0.01	0.55	0.07	0.48	-0.14	0.53	0.01	0.64	-0.16	0.68	-0.03	0.55	-0.14	0.53	-0.05	0.48	-0.20	0.51	-0.14	0.41	-0.20	0.54	-0.11	0.60	-0.03	0.54	-0.12	0.56	-0.04	g
1.00	0.00	0.88	0.27	0.72	0.43	0.62	0.64	0.39	0.91	0.10	0.96	-0.20	0.89	-0.36	0.77	-0.65	0.62	-0.79	0.46	-0.82	0.19	-0.84	-0.08	-0.78	-0.26	-0.68	-0.46	-0.55	-0.61	-0.31	-0.67	-0.19	-0.76	g
1.00	0.00	0.93	0.29	0.80	0.56	0.60	0.72	0.26	0.93	0.05	0.97	-0.23	0.95	-0.56	0.81	-0.73	0.62	-0.91	0.36	-0.92	0.06	-0.94	-0.20	-0.83	-0.47	-0.65	-0.70	-0.41	-0.86	-0.14	-0.94	0.10	-0.95	g
1.00	0.00	0.88	0.31	0.73	0.58	0.34	0.59	0.06	1.00	-0.09	0.92	-0.62	0.72	-0.70	0.33	-0.81	0.41	-1.00	-0.01	-0.79	-0.41	-0.77	-0.45	-0.57	-0.68	-0.32	-0.82	-0.03	-0.87	0.25	-0.82	0.00	-0.82	g
1.00	0.00	0.83	0.29	0.69	0.48	0.49	0.68	0.22	0.87	-0.08	0.85	-0.36	0.78	-0.53	0.58	-0.70	0.31	-0.76	0.04	-0.71	-0.15	-0.58	-0.39	-0.37	-0.53	-0.17	-0.61	0.08	-0.61	0.25	-0.48	0.41	-0.35	g
1.00	0.00	0.93	0.33	0.76	0.62	0.49	0.84	0.22	0.95	-0.14	0.96	-0.47	0.84	-0.71	0.65	-0.87	0.37	-0.92	0.06	-0.90	-0.26	-0.74	-0.54	-0.51	-0.75	-0.22	-0.86	0.08	-0.87	0.36	-0.78	0.59	-0.60	g
1.00	0.00	0.83	0.31	0.66	0.58	0.35	0.71	0.17	0.79	-0.19	0.80	-0.42	0.67	-0.68	0.48	-0.75	0.19	-0.72	-0.05	-0.62	-0.28	-0.49	-0.53	-0.27	-0.66	-0.02	-0.70	0.23	-0.64	0.43	-0.51	0.65	-0.30	g
1.00	0.00	0.98	-0.03	0.98	-0.04	1.00	-0.08	0.99	0.01	0.95	-0.03	0.99	-0.07	0.99	-0.07	0.97	-0.10	0.97	-0.12	0.99	-0.05	0.95	-0.09	0.97	-0.08	0.97	-0.13	0.93	-0.15	0.97	-0.16	0.97	-0.19	g
1.00	0.00	0.94	-0.02	0.94	0.01	0.95	-0.01	0.96	-0.01	0.95	-0.04	0.97	-0.02	0.97	-0.04	0.95	-0.04	0.95	-0.05	0.94	-0.02	0.93	-0.04	0.92	-0.04	0.93	-0.06	0.90	-0.07	0.92	-0.07	0.92	-0.07	g
1.00	0.00	0.97	-0.14	0.91	0.00	0.97	-0.17	0.99	0.18	0.92	0.00	0.94	-0.08	0.91	0.00	0.87	-0.09	0.97	-0.21	1.00	0.10	0.92	-0.05	0.92	0.07	0.94	-0.09	0.97	-0.20	0.85	-0.09	0.97	-0.22	g
1.00	0.00	0.53	-0.03	0.95	0.08	0.53	-0.17	0.31	-0.02	0.51	-0.14	0.64	0.29	0.83	-0.36	0.54	0.02	0.56	0.03	0.59	0.31	0.86	0.05	0.41	0.15	0.67	0.00	0.66	-0.03	0.83	-0.15	0.76	-0.10	g
1.00	0.00	0.33	-0.25	0.44	0.22	0.39	0.17	0.42	0.14	0.50	-0.11	0.55	-0.08	0.58	0.33	0.56	0.03	0.25	-0.19	0.47	-0.06	0.53	-0.03	0.39	0.08	0.42	-0.14	0.19	-0.14	0.37	-0.15	0.08	-0.50	g
1.00	0.00	0.51	1.00	1.00	0.54	0.71	0.81	0.46	0.46	0.33	1.00	0.21	1.00	-0.17	1.00	-0.33	0.99	-0.61	1.00	-0.53	0.72	-0.88	0.48	-1.00	0.35	-1.00	0.10	-1.00	-0.17	-1.00	-0.42	-0.92	-0.66	g
1.00	0.00	0.76	0.50	0.84	0.54	0.55	0.72	0.35	0.71	0.13	0.95	-0.10	0.94	-0.38	0.82	-0.53	0.71	-0.68	0.68	-0.70	0.25	-0.79	0.03	-0.99	-0.29	-0.70	-0.33	-0.63	-0.19	-0.34	-0.60	-0.20	-0.63	g
1.00	0.00	0.84	0.43	0.72	0.58	0.46	0.78	0.16	0.83	-0.13	0.87	-0.46	0.78	-0.59	0.52	-0.78	0.27	-0.84	0.04	-0.62	-0.31	-0.47	-0.49	-0.37	-0.68	-0.05	-0.63	0.15	-0.46	0.37	-0.39	0.48	-0.24	g
1.00	0.00	0.94	0.35	0.75	0.66	0.46	0.89	0.15	0.96	-0.22	0.96	-0.57	0.83	-0.79	0.58	-0.93	0.26	-0.94	-0.06	-0.87	-0.41	-0.65	-0.67	-0.37	-0.85	-0.05	-0.91	0.27	-0.86	0.55	-0.70	0.75	-0.44	g
1.00	0.00	0.92	0.37	0.72	0.68	0.29	0.94	-0.11	0.77	-0.32	0.92	-0.67	0.79	-0.92	0.42	-0.94	0.10	-1.00	0.03	-0.66	-0.66	-0.46	-0.78	-0.13	-0.88	0.20	-0.85	0.49	-0.70	0.70	-0.46	0.76	-0.13	g
1.00	0.00	1.00	0.16	1.00	-0.06	1.00	0.01	1.00	-0.12	1.00	-0.02	1.00	-0.02	1.00	-0.06	1.00	-0.07	1.00	0.06	1.00	-0.10	1.00	-0.03	1.00	-0.23	1.00	-0.07	1.00	0.08	1.00	-0.14	1.00	-0.07	g
1.00	0.00	0.96	0.00	0.86	-0.13	0.95	0.00	0.83	-0.51	0.92	0.10	1.00	-0.14	0.99	-0.03	0.96	-0.16	0.84	0.62	1.00	-0.16	0.87	-0.08	0.86	-0.02	0.84	-0.02	0.82	-0.02	0.81	-0.02	0.79	-0.02	g
1.00	0.00	0.79	0.29	0.64	0.52	0.41	0.68	0.14	0.84	-0.17	0.79	-0.43	0.72	-0.57	0.41	-0.75	0.17	-0.70	-0.10	-0.58	-0.24	-0.41	-0.38	-0.17	-0.53	0.02	-0.49	0.19	-0.38	0.31	-0.23	0.35	-0.08	g
1.00	0.00	0.88	0.35	0.68	0.65	0.35	0.80	0.06	0.91	-0.30	0.86	-0.63	0.70	-0.77	0.39	-0.86	0.08	-0.82	-0.24	-0.65	-0.50	-0.40	-0.68	-0.11	-0.76	0.17	-0.72	0.41	-0.58	0.57	-0.37	0.63	-0.13	g
1.00	0.00	0.90	0.39	0.66	0.72	0.30	0.91	-0.05	0.94	-0.46	0.85	-0.78	0.59	-0.93	0.25	-0.92	-0.15	-0.76	-0.48	-0.51	-0.76	-0.15	-0.89	0.22	-0.86	0.53	-0.69	0.75	-0.41	0.83	-0.07	0.77	0.28	g
1.00	0.00	1.00	-0.24	1.00	-0.20	0.87	-0.10	0.89	0.01	1.00	0.11	0.92	0.06	0.85	-0.04	0.63	-0.37	0.87	-0.01	0.94	0.06	1.00	0.25	0.62	-0.38	0.85	-0.06	1.00	-0.06	0.53	0.03	0.84	-0.03	g
1.00	0.00	0.75	0.01	0.83	0.02	0.83	0.02	0.87	0.02	0.61	0.06	0.79	0.05	0.77	0.05	0.65	0.19	0.84	0.04	0.71	0.07	0.69	0.08	0.66	0.08	0.64	0.08	0.61	0.02	0.58	0.09	0.55	0.09	g
1.00	0.00	0.85	0.02	0.92	0.01	0.92	0.02	0.93	0.08	0.88	0.11	0.91	0.04	0.91	0.05	0.87	0.03	0.96	0.00	0.89	0.07	0.88	0.08	0.84	0.11	0.87	0.09	0.88	0.09	0.85	0.10	0.84	0.11	g
1.00	0.00	1.00	-0.01	1.00	0.00	1.00	-0.02	1.00	-0.02	1.00	-0.03	1.00	-0.02	1.00	-0.03	1.00	-0.03	0.99	-0.03	1.00	-0.04	1.00	-0.05	1.00	-0.05	1.00	-0.06	0.99	-0.06	0.99	-0.06	0.99	-0.07	g
1.00	0.00	0.90	-0.03	0.88	0.06	0.90	0.01	0.93	0.03	0.91	-0.01	0.94	-0.02	0.92	0.03	0.94	0.00	0.94	0.01	0.90	0.01	0.89	-0.02	0.89	0.02	0.89	0.02	0.88	0.00	0.87	0.04	0.87	0.02	g
1.00	0.00	0.90	0.02	1.00	-0.02	0.90	0.01	0.85	0.06	1.00	0.04	0.98	0.01	0.98	0.04	1.00	-0.03	0.90	-0.03	0.86	0.08	1.00	0.09	0.90	0.05	0.94	0.03	0.95	0.02	1.00	0.01	0.94	0.02	g
1.00	0.00	0.39	-0.24	0.63	0.01	0.45	0.09	0.64	0.09	0.21	-0.21	0.58	0.15	0.39	0.00	0.56	0.05	0.52	0.03	0.79	0.18	0.30	-0.15	0.49	0.06	0.46	0.06	0.33	-0.03	0.42	0.06	0.39	0.24	g
1.00	0.00	0.87	0.36	0.72	0.67	0.37	0.83	0.09	0.86	-0.24	0.86	-0.52	0.68	-0.69	0.42	-0.77	0.10	-0.69	-0.14	-0.49	-0.42	-0.33	-0.58	-0.03	-0.60	0.15	-0.53	0.32	-0.37	0.46	-0.20	0.41	0.02	g
1.00	0.00	0.90	0.38	0.67	0.69	0.36	0.89	-0.04	0.93	-0.39	0.84	-0.67	0.62	-0.83	0.30	-0.86	-0.05	-0.74	-0.34	-0.52	-0.62	-0.23	-0.74	0.07	-0.74	0.34	-0.62	0.52	-0.42	0.61	-0.17	0.60	0.09	g
1.00	0.00	0.91	0.41	0.65	0.75	0.30	0.96	-0.13	0.98	-0.52	0.83	-0.80	0.55	-0.97	0.15	-0.93	-0.26	-0.72	-0.59	-0.42	-0.85	-0.02	-0.94	0.36	-0.85	0.68	-0.62	0.86	-0.28	0.89	0.10	0.75	0.46	g
1.00	0.00	1.00	1.00	0.37	0.06	0.13	0.93	-0.28	0.94	-0.32	0.38	-0.87	0.37	-0.93	-0.09	-0.39	-0.34	-0.47	-0.83	-0.05	-0.94	0.26	-0.20	0.74	-0.46	0.85	-0.07	1.00	1.00	0.39	0.00	0.18	0.80	g
1.00	0.00	1.00	0.52	0.45	0.33	0.06	0.36	-0.32	0.73	-0.45	0.48	-0.58	0.00	-0.58	-0.12	-0.33	-0.48	-0.09	-0.85	0.48	-0.58	0.58	-0.42	1.00	-0.39	0.73	0.12	0.97	0.58	0.24	0.36	0.09	0.33	g
1.00	0.00	0.88	0.00	0.95	-0.03	0.94	-0.01	0.90	0.02	0.90	0.02	0.94	0.01	0.96	0.00	1.00	0.03	0.94	-0.01	0.91	0.02	0.91	0.05	1.00	0.05	0.90	0.02	0.91	0.01	1.00	0.05	0.98	-0.01	g
1.00	0.00	0.83	0.08	0.79	-0.08	0.90	-0.02	0.93	0.01	0.80	0.09	0.95	-0.01	0.94	0.00	0.93	0.20	0.95	-0.01	0.91	0.01	0.80	0.07	0.91	0.16	0.90	0.08	0.78	0.07	0.93	0.18	0.93	0.00	g
1.00	0.00	0.74	0.11	0.89	0.01	0.89	0.01	0.87	-0.01	0.73	0.11	0.88	0.03	0.87	0.03	0.96	0.08	0.95	0.04	0.86	0.05	0.85	0.05	0.87	0.11	0.83	0.06	0.74	-0.04	0.82	0.07	0.81	0.07	g
1.00	0.00	0.88	0.04	0.90	0.00	0.89	0.01	0.86	0.00	0.95	0.07	0.87	0.01	0.86	0.01	0.84	-0.06	0.86	0.02	0.84	0.02	0.83	0.02	0.80	-0.04	0.82	0.02	0.82	0.09	0.81	0.02	0.80	0.02	g
1.00	0.00	0.98	0.01	0.99	0.02	1.00	0.02	0.99	0.02	0.96	0.02	0.97	0.04	1.00	0.04	0.98	0.02	0.99	0.06	0.97	0.05	0.94	0.06	0.98	0.04	0.98	0.06	0.95	0.08	0.99	0.06	0.99	0.10	g
1.00	0.00	1.00	0.01	1.00	0.01	1.00	0.02	0.99	-0.01	0.99	0.00	0.98	0.02	1.00	0.01	0.98	0.01	0.98	0.02	0.98	0.01	0.98	0.02	0.97	-0.01	0.98	0.02	0.98	0.02	0.99	0.02	0.99	0.03	g
1.00	0.00	1.00	-0.01	1.00	0.02	1.00	0.00	1.00	0.06	0.98	0.04	0.96	0.03	1.00	0.06	0.99	0.03	1.00	0.04	1.00	0.09	0.96	0.07	1.00	0.10	1.00	0.09	0.99	0.09	1.00	0.10	1.00	0.10	g
1.00	0.00	0.88	0.37	0.67	0.67	0.40	0.86	0.02	0.93	-0.35	0.84	-0.60	0.59	-0.79	0.39	-0.83	-0.01	-0.69	-0.33	-0.53	-0.54	-0.27	-0.68	0.01	-0.70	0.26	-0.61	0.45	-0.43	0.54	-0.22	0.56	0.03	g
1.00	0.00	0.90	0.42	0.64	0.76	0.30	0.95	-0.20	0.97	-0.55	0.81	-0.82	0.51	-0.97	0.10	-0.91	-0.31	-0.70	-0.65	-0.32	-0.89	0.06	-0.94	0.44	-0.82	0.74	-0.55	0.89	-0.19	0.88	0.20	0.71	0.55	g
1.00	0.00	0.33	0.11	0.16	0.29	0.14	0.74	-0.25	0.92	-0.17	0.27	-0.64	0.25	-0.98	0.00	-0.23	-0.20	-0.31	-0.49	-0.14	-0.90	0.09	-0.29	0.28	-0.19	0.40	-0.11	0.31	0.06	0.21	0.21	0.13	0.26	g
1.00	0.00	0.66	0.44	0.45	0.75	0.05	0.85	-0.32	0.82	-0.68	0.52	-0.84	0.07	-0.83	-0.29	-0.47	-0.72	-0.05	-0.86	0.23	-0.76	0.57	-0.52	0.74	-0.19	0.75	0.24	0.45	0.59	0.21	0.77	-0.19	0.74	g
1.00	0.00	0.19	0.06	0.04	0.25	-0.11	0.49	-0.18	-0.18	-0.42	0.06	-0.45	0.09	-0.16	-0.31	-0.10	-0.40	0.19	-0.18	0.34	-0.12	0.29	-0.16	0.22	0.25	0.04	0.31	-0.04	0.26	-0.17	0.17	-0.30	-0.34	g
1.00	0.00	0.98	0.00	1.00	0.00	0.99	0.00	0.95	0.02	0.98	0.02	0.98	0.03	0.99	0.02	0.94	0.06	0.94	0.05	0.98	0.06	1.00	0.06	0.94	0.08	0.97	0.07	0.96	0.08	0.98	0.08	0.97	0.09	g
1.00	0.00	0.82	-0.08	0.80	0.00	0.88	-0.01	0.87	-0.08	0.73	-0.12	0.85	0.05	0.83	-0.07	0.75	0.07	0.78	0.06	0.87	-0.02	0.79	-0.06	0.74	-0.02	0.77	-0.03	0.74	-0.08	0.70	-0.04	0.78	0.01	g
1.00	0.00	0.35	-0.14	0.69	-0.02	0.68	-0.04	0.56	-0.06	0.62	-0.10	0.62	-0.07	0.59	-0.07	0.42	-0.26	0.58	0.05	0.50	-0.09	0.46	-0.09	0.45	-0.01	0.39	-0.09	0.36	-0.10	0.32	-0.09	0.29	-0.08	g
1.00	0.00	0.76	0.01	0.86	0.00	0.86	0.00	0.80	0.02	0.82	0.12	0.83	0.01	0.82	0.01	0.83	-0.07	0.77	0.04	0.77	0.01	0.75	0.01	0.77	0.00	0.71	0.01	0.66	0.01	0.66	0.01	0.64	0.02	g
1.00	0.00	0.67	-0.01	0.97	0.07	0.50	0.50	0.76	0.00	0.65	-0.14	0.40	-0.49	0.39	0.59	0.77	0.32	0.79	0.11	0.48	-0.45	1.00	0.01	0.61	0.07	0.69	0.17	0.88	0.08	0.55	0.25	0.14	0.48	g
1.00	0.00	0.84	0.08	0.74	-0.15	0.84	-0.06	0.90	-0.05	0.89	0.13	0.81	0.07	0.79	-0.09	1.00	-0.02	0.97	0.07	0.88	0.01	0.78	0.07	0.95	-0.04	0.83	0.00	1.00	0.13	0.87	-0.11	0.91	-0.04	g
1.00	0.00	0.95	0.00	0.95	-0.03	0.93	-0.02	0.95	0.02	0.97	0.03	0.94	0.07	0.95	-0.01	0.97	0.00	0.95	0.06	0.93	0.08	0.93	0.10	0.95	0.01	0.94	0.05	0.93	0.08	0.94	0.00	0.91	0.05	g
1.00	0.00	0.95	0.00	0.93	-0.03	0.95	-0.03	0.96	0.02	0.94	0.02	0.93	0.05	0.94	-0.01	0.95	0.02	0.94	0.01	0.91	0.08	0.89	0.06	0.94	0.03	0.92	0.03	0.92	0.02	0.92	0.00	0.93	-0.01	g
1.00	0.00	0.91	-0.02	0.98	-0.02	0.96	-0.04	0.86	0.00	0.90	-0.03	0.89	-0.01	0.91	-0.05	0.91	-0.01	0.81	-0.13	0.89	0.01	0.92	-0.02	0.91	-0.02	0.89	-0.08	0.83	-0.17	0.96	-0.04	0.87	-0.16	g
1.00	0.00	0.85	0.14	0.74	-0.06	0.88	0.08	0.89	-0.09	0.79	0.07	0.81	0.00	0.79	-0.01	0.86	-0.05	0.87	-0.04	0.82	-0.09	0.71	0.04	0.86	-0.15	0.81	-0.05	0.78	-0.01	0.76	-0.07	0.86	-0.06	g