Train or Test	Speaker Number	Sex	Feature 0	Feature 1	Feature 2	Feature 3	Feature 4	Feature 5	Feature 6	Feature 7	Feature 8	Feature 9	Class
Train	Andrew	Male	-3.64	0.42	-0.67	1.78	-0.17	1.63	-0.39	0.53	-0.87	-0.81	hid
Train	Andrew	Male	-3.33	0.50	-0.69	1.37	-0.26	1.93	-0.36	0.51	-0.62	-0.49	hId
Train	Andrew	Male	-2.12	0.89	-1.58	0.15	-0.71	1.56	-0.58	0.68	-0.81	-0.05	hEd
Train	Andrew	Male	-2.29	1.81	-1.50	1.01	-1.05	1.06	-0.57	0.23	-0.09	-0.80	hAd
Train	Andrew	Male	-2.60	1.94	-0.85	1.06	-1.63	0.76	0.39	-0.15	0.28	-0.40	hYd
Train	Andrew	Male	-2.85	1.91	-0.75	0.82	-1.59	0.86	0.22	-0.25	0.24	-0.37	had
Train	Andrew	Male	-3.48	2.52	-0.43	1.05	-2.00	0.90	0.32	0.45	0.38	-0.37	hOd
Train	Andrew	Male	-3.94	2.31	0.12	1.77	-1.82	0.59	-0.44	0.99	0.57	-0.30	hod
Train	Andrew	Male	-3.86	2.12	-0.94	0.69	-0.68	1.68	-0.51	0.93	-0.17	-0.43	hUd
Train	Andrew	Male	-3.65	1.81	-1.38	1.58	0.06	1.58	-0.47	0.70	0.06	-0.84	hud
Train	Andrew	Male	-3.03	1.74	-1.14	0.74	-0.83	1.39	-0.57	0.68	-0.02	-0.82	hed
Train	Andrew	Male	-3.65	0.37	-0.60	1.71	-0.22	1.76	-0.35	0.54	-0.80	-0.81	hid
Train	Andrew	Male	-3.24	0.44	-0.86	1.36	-0.25	1.91	-0.40	0.75	-0.77	-0.33	hId
Train	Andrew	Male	-2.13	0.95	-1.63	0.12	-0.70	1.60	-0.63	0.71	-0.90	-0.03	hEd
Train	Andrew	Male	-2.30	1.78	-1.51	0.98	-0.96	0.81	-0.29	0.00	0.12	-0.76	hAd
Train	Andrew	Male	-2.54	2.14	-1.02	0.93	-1.57	1.02	0.19	-0.05	0.31	-0.63	hYd
Train	Andrew	Male	-2.83	2.00	-0.74	0.80	-1.67	0.94	0.25	-0.26	0.26	-0.46	had
Train	Andrew	Male	-3.58	2.37	-0.36	1.16	-1.95	0.62	0.34	0.35	0.41	-0.26	hOd
Train	Andrew	Male	-3.95	2.25	0.13	1.77	-1.91	0.57	-0.43	1.04	0.60	-0.29	hod
Train	Andrew	Male	-3.78	1.97	-1.20	0.61	-0.65	1.50	-0.13	0.53	0.39	-0.58	hUd
Train	Andrew	Male	-3.67	1.81	-1.40	1.62	0.04	1.57	-0.45	0.75	-0.07	-0.73	hud
Train	Andrew	Male	-2.95	1.65	-1.17	0.79	-0.91	1.30	-0.56	0.90	-0.07	-0.84	hed
Train	Andrew	Male	-3.66	0.34	-0.64	1.79	-0.19	1.69	-0.36	0.57	-0.68	-0.84	hid
Train	Andrew	Male	-3.16	0.41	-0.97	1.21	-0.30	1.92	-0.22	0.72	-0.49	-0.43	hId
Train	Andrew	Male	-2.11	1.03	-1.71	0.23	-0.56	1.55	-0.65	0.71	-0.86	-0.15	hEd
Train	Andrew	Male	-2.31	1.75	-1.51	1.02	-0.99	0.94	-0.49	0.21	0.03	-0.85	hAd
Train	Andrew	Male	-2.63	2.15	-1.13	0.91	-1.41	1.10	-0.07	0.12	0.14	-0.69	hYd
Train	Andrew	Male	-2.89	2.13	-0.83	0.68	-1.56	0.82	0.45	-0.38	0.21	-0.40	had
Train	Andrew	Male	-3.63	2.25	-0.39	1.01	-1.69	0.12	0.67	0.28	0.34	0.00	hOd
Train	Andrew	Male	-3.99	2.33	0.10	1.63	-2.01	0.58	-0.34	1.00	0.57	-0.25	hod
Train	Andrew	Male	-3.71	1.82	-1.17	0.65	-0.77	1.70	-0.35	0.92	0.16	-0.36	hUd
Train	Andrew	Male	-3.74	1.83	-1.38	1.59	0.05	1.64	-0.52	0.71	-0.17	-0.52	hud
Train	Andrew	Male	-2.86	1.63	-1.14	0.77	-0.95	1.39	-0.61	0.96	-0.20	-0.73	hed
Train	Andrew	Male	-3.62	0.31	-0.71	1.76	-0.19	1.67	-0.27	0.56	-0.58	-0.84	hid
Train	Andrew	Male	-3.06	0.35	-1.07	1.06	-0.35	1.99	-0.21	0.80	-0.36	-0.30	hId
Train	Andrew	Male	-2.08	1.05	-1.78	0.41	-0.52	1.46	-0.58	0.74	-0.87	-0.17	hEd
Train	Andrew	Male	-2.29	1.85	-1.62	0.99	-0.88	1.04	-0.55	0.20	-0.07	-0.81	hAd
Train	Andrew	Male	-2.72	2.07	-1.14	0.92	-1.16	1.17	-0.28	0.17	-0.01	-0.65	hYd
Train	Andrew	Male	-3.02	2.23	-0.90	0.57	-1.33	0.55	0.61	-0.45	0.04	-0.16	had
Train	Andrew	Male	-3.56	2.13	-0.44	1.05	-1.76	0.35	0.55	0.32	0.44	-0.12	hOd
Train	Andrew	Male	-4.07	2.28	0.15	1.56	-1.61	-0.05	0.22	0.25	0.77	0.13	hod
Train	Andrew	Male	-3.62	1.58	-1.14	0.70	-0.74	1.63	-0.39	1.09	0.23	-0.39	hUd
Train	Andrew	Male	-3.69	1.78	-1.59	1.60	0.12	1.42	-0.22	0.44	0.21	-0.71	hud
Train	Andrew	Male	-2.69	1.65	-1.26	0.67	-0.96	1.45	-0.59	1.00	-0.30	-0.54	hed
Train	Andrew	Male	-3.59	0.29	-0.78	1.71	-0.17	1.66	-0.14	0.49	-0.49	-0.93	hid
Train	Andrew	Male	-3.05	0.39	-1.16	0.94	-0.39	1.98	-0.19	0.81	-0.39	-0.20	hId
Train	Andrew	Male	-2.26	0.90	-1.72	0.45	-0.52	1.45	-0.61	0.76	-0.88	-0.12	hEd
Train	Andrew	Male	-2.30	1.85	-1.70	1.07	-0.86	1.05	-0.61	0.31	-0.25	-0.76	hAd
Train	Andrew	Male	-2.91	1.93	-1.13	0.90	-0.91	1.11	-0.21	-0.05	-0.03	-0.54	hYd
Train	Andrew	Male	-3.09	2.34	-0.97	0.46	-1.17	0.54	0.60	-0.45	-0.08	-0.04	had
Train	Andrew	Male	-3.46	2.09	-0.60	0.94	-1.84	0.60	0.46	0.40	0.47	-0.21	hOd
Train	Andrew	Male	-4.21	2.45	0.05	1.33	-2.09	0.58	-0.05	0.82	0.61	-0.30	hod
Train	Andrew	Male	-3.54	1.39	-1.22	0.70	-0.77	1.58	-0.38	1.16	0.18	-0.18	hUd
Train	Andrew	Male	-3.68	1.77	-1.73	1.61	0.10	1.39	-0.19	0.55	0.25	-0.92	hud
Train	Andrew	Male	-2.60	1.56	-1.25	0.66	-1.10	1.29	-0.55	1.01	-0.15	-0.55	hed
Train	Andrew	Male	-3.60	0.23	-0.84	1.79	-0.15	1.64	-0.10	0.49	-0.52	-1.00	hid
Train	Andrew	Male	-3.17	0.49	-1.13	0.91	-0.39	2.01	-0.21	0.71	-0.55	-0.19	hId
Train	Andrew	Male	-2.30	0.85	-1.65	0.46	-0.49	1.49	-0.62	0.82	-0.89	-0.08	hEd
Train	Andrew	Male	-2.37	1.73	-1.56	1.16	-0.82	0.94	-0.57	0.34	-0.28	-0.74	hAd
Train	Andrew	Male	-3.14	1.87	-1.13	0.94	-0.76	1.22	-0.35	0.02	-0.22	-0.57	hYd
Train	Andrew	Male	-3.07	2.37	-1.00	0.50	-1.29	0.86	0.33	-0.40	0.07	-0.16	had
Train	Andrew	Male	-3.47	2.18	-0.82	0.71	-1.71	0.78	0.42	0.35	0.43	-0.27	hOd
Train	Andrew	Male	-4.24	2.44	0.04	1.16	-2.13	0.55	0.12	0.82	0.56	-0.29	hod
Train	Andrew	Male	-3.55	1.26	-1.23	0.82	-0.70	1.73	-0.40	1.33	-0.28	0.01	hUd
Train	Andrew	Male	-3.87	1.86	-1.65	1.61	0.04	1.53	-0.49	0.86	-0.11	-1.00	hud
Train	Andrew	Male	-2.67	1.52	-1.20	0.74	-1.07	1.24	-0.57	0.96	-0.13	-0.71	hed
Train	Bill	Male	-4.10	0.21	0.41	0.42	0.99	1.43	0.66	0.04	-0.78	-0.67	hid
Train	Bill	Male	-1.37	-0.03	-1.00	-0.39	-0.47	1.14	0.65	0.82	0.56	0.04	hId
Train	Bill	Male	-1.82	0.46	-0.95	-0.34	0.09	0.75	0.14	0.46	-0.24	-0.27	hEd
Train	Bill	Male	-1.95	1.60	-1.59	0.37	-0.14	0.02	0.03	0.32	-0.19	-0.49	hAd
Train	Bill	Male	-2.65	2.39	-0.01	0.07	-1.06	0.30	-0.10	0.28	0.49	-0.38	hYd
Train	Bill	Male	-2.32	1.30	0.32	-0.09	-0.28	0.00	-0.09	-0.28	0.85	0.02	had
Train	Bill	Male	-3.14	3.31	-1.00	-0.39	-0.19	-0.31	0.14	0.63	0.55	-0.25	hOd
Train	Bill	Male	-3.94	3.35	0.49	-0.51	-1.12	0.10	0.30	0.71	-0.08	0.65	hod
Train	Bill	Male	-4.16	2.94	0.16	0.34	-0.97	0.64	0.09	0.24	0.56	0.82	hUd
Train	Bill	Male	-4.52	2.23	-0.09	0.51	-0.53	1.25	0.20	0.24	0.16	0.77	hud
Train	Bill	Male	-3.09	1.39	0.05	-0.22	-0.33	0.91	0.05	-0.08	0.10	-0.13	hed
Train	Bill	Male	-4.28	0.16	0.73	0.66	0.94	1.27	0.71	0.07	-0.83	-0.65	hid
Train	Bill	Male	-1.66	0.06	-1.04	-0.32	-0.32	1.32	0.64	0.80	0.30	-0.16	hId
Train	Bill	Male	-1.71	0.49	-0.95	-0.35	0.02	0.79	0.14	0.56	-0.23	-0.32	hEd
Train	Bill	Male	-1.95	1.47	-1.38	0.10	-0.15	0.17	-0.05	0.34	-0.10	-0.41	hAd
Train	Bill	Male	-2.67	2.70	-0.23	-0.03	-1.01	0.49	-0.14	0.45	0.28	-0.48	hYd
Train	Bill	Male	-2.44	1.41	0.39	-0.34	-0.19	-0.08	0.00	-0.17	0.79	-0.03	had
Train	Bill	Male	-3.15	3.08	-0.68	-0.03	-0.69	-0.06	-0.27	0.48	0.98	-0.35	hOd
Train	Bill	Male	-3.90	3.59	0.33	-0.67	-1.09	0.25	0.46	0.81	-0.19	0.54	hod
Train	Bill	Male	-4.27	3.01	0.17	0.03	-0.83	0.53	0.10	0.33	0.34	0.70	hUd
Train	Bill	Male	-4.65	2.45	0.01	0.68	-0.80	1.43	0.13	0.04	0.38	0.28	hud
Train	Bill	Male	-3.03	1.18	0.31	-0.12	-0.59	0.96	0.35	-0.14	-0.22	0.08	hed
Train	Bill	Male	-4.47	0.37	0.86	0.92	0.78	1.27	0.65	-0.22	-0.89	-0.63	hid
Train	Bill	Male	-1.86	0.06	-1.01	-0.24	-0.15	1.46	0.57	0.77	0.15	-0.31	hId
Train	Bill	Male	-1.98	0.39	-0.95	-0.25	-0.06	0.95	0.13	0.48	-0.32	-0.34	hEd
Train	Bill	Male	-1.91	1.47	-1.34	-0.01	-0.21	0.25	0.00	0.23	-0.01	-0.44	hAd
Train	Bill	Male	-2.70	2.83	-0.39	0.03	-0.96	0.44	-0.17	0.52	0.17	-0.52	hYd
Train	Bill	Male	-2.55	1.12	0.42	-0.02	-0.64	0.02	0.14	-0.33	0.66	0.07	had
Train	Bill	Male	-3.05	3.10	-0.51	-0.09	-0.95	0.30	-0.27	0.46	0.89	-0.31	hOd
Train	Bill	Male	-3.84	3.74	0.12	-0.66	-1.07	0.33	0.73	0.88	-0.29	0.42	hod
Train	Bill	Male	-4.32	2.85	0.38	0.21	-1.10	0.43	0.12	0.27	0.13	0.65	hUd
Train	Bill	Male	-4.68	2.54	0.08	0.73	-0.93	1.49	0.05	0.08	0.25	0.28	hud
Train	Bill	Male	-2.92	1.52	0.00	-0.35	-0.46	1.18	0.38	-0.17	-0.35	-0.03	hed
Train	Bill	Male	-4.48	0.25	1.09	1.11	0.68	1.06	0.42	-0.26	-1.20	-0.52	hid
Train	Bill	Male	-1.89	-0.01	-0.97	-0.15	-0.16	1.51	0.49	0.81	0.04	-0.26	hId
Train	Bill	Male	-1.95	0.35	-1.05	-0.23	-0.12	0.93	0.09	0.51	-0.28	-0.25	hEd
Train	Bill	Male	-1.91	1.55	-1.46	-0.02	-0.12	0.27	-0.04	0.16	-0.03	-0.47	hAd
Train	Bill	Male	-2.72	3.00	-0.56	-0.08	-0.94	0.55	-0.08	0.40	0.14	-0.63	hYd
Train	Bill	Male	-2.38	1.24	0.27	-0.04	-0.69	0.16	-0.06	-0.19	0.74	0.09	had
Train	Bill	Male	-3.09	3.01	-0.31	-0.02	-0.96	0.19	-0.23	0.37	0.96	-0.09	hOd
Train	Bill	Male	-3.92	3.50	0.41	-0.53	-1.15	0.02	0.61	0.98	-0.33	0.45	hod
Train	Bill	Male	-4.23	3.04	0.43	0.50	-1.37	0.55	0.13	0.23	0.13	0.49	hUd
Train	Bill	Male	-4.76	2.70	0.10	0.70	-0.79	1.11	0.20	-0.07	0.37	0.31	hud
Train	Bill	Male	-2.94	1.72	-0.31	-0.24	-0.45	1.36	0.01	-0.10	0.02	-0.56	hed
Train	Bill	Male	-4.31	-0.11	1.04	1.19	0.69	0.76	0.16	-0.19	-1.34	-0.45	hid
Train	Bill	Male	-2.05	0.06	-0.94	-0.04	0.08	1.56	0.39	0.83	-0.03	-0.39	hId
Train	Bill	Male	-1.80	0.43	-1.00	-0.43	-0.09	0.85	0.08	0.64	-0.28	-0.21	hEd
Train	Bill	Male	-1.98	1.54	-1.49	-0.10	-0.03	0.32	-0.06	0.10	-0.07	-0.38	hAd
Train	Bill	Male	-2.75	3.22	-0.98	-0.21	-0.79	0.77	-0.03	0.22	0.04	-0.82	hYd
Train	Bill	Male	-2.35	1.53	0.09	-0.08	-0.43	0.13	-0.20	0.03	0.85	-0.04	had
Train	Bill	Male	-3.11	2.92	-0.21	0.03	-0.90	0.02	-0.23	0.26	1.07	-0.06	hOd
Train	Bill	Male	-3.98	3.61	0.58	-0.42	-1.11	-0.17	0.35	0.88	-0.17	0.65	hod
Train	Bill	Male	-4.16	3.33	0.28	0.39	-1.29	0.69	0.48	0.12	0.29	0.15	hUd
Train	Bill	Male	-4.88	3.06	0.06	0.43	-0.57	0.90	0.25	0.09	0.09	0.44	hud
Train	Bill	Male	-3.08	1.63	-0.12	-0.15	-0.48	1.18	-0.09	-0.07	0.09	-0.56	hed
Train	Bill	Male	-4.16	-0.34	0.90	1.09	0.56	0.95	0.40	-0.33	-1.52	-0.50	hid
Train	Bill	Male	-2.44	0.19	-0.81	0.25	0.41	1.64	0.40	0.76	0.00	-0.56	hId
Train	Bill	Male	-1.67	0.33	-0.83	-0.58	-0.36	0.84	0.18	0.68	-0.12	-0.11	hEd
Train	Bill	Male	-2.05	1.51	-1.64	-0.06	-0.10	0.35	-0.02	0.11	-0.15	-0.30	hAd
Train	Bill	Male	-2.79	3.19	-1.14	-0.31	-0.58	0.36	0.28	0.08	0.11	-0.86	hYd
Train	Bill	Male	-2.49	1.77	-0.18	-0.15	-0.35	0.13	-0.19	0.21	0.79	-0.28	had
Train	Bill	Male	-3.07	3.14	-0.46	-0.22	-0.76	-0.05	0.07	0.27	1.00	-0.33	hOd
Train	Bill	Male	-3.96	3.94	0.47	-0.56	-1.04	-0.06	0.24	0.89	-0.03	0.80	hod
Train	Bill	Male	-4.14	3.58	-0.41	-0.04	-0.69	1.03	0.49	0.16	0.31	0.03	hUd
Train	Bill	Male	-4.94	3.33	0.01	0.08	-0.59	1.05	0.34	0.30	-0.45	0.37	hud
Train	Bill	Male	-3.06	1.68	-0.35	-0.25	0.04	0.69	-0.17	0.23	0.20	-0.59	hed
Train	David	Male	-1.20	-0.25	-2.49	0.81	-0.37	2.17	0.32	1.03	-1.38	-0.71	hid
Train	David	Male	-1.08	0.51	-2.01	0.31	-0.58	1.96	0.09	1.41	-0.67	-0.03	hId
Train	David	Male	-1.77	0.79	-1.47	1.08	-0.35	1.70	-0.17	1.08	-0.69	-0.06	hEd
Train	David	Male	-1.74	1.79	-1.05	1.07	-0.77	1.04	-0.03	0.93	-0.45	0.01	hAd
Train	David	Male	-2.43	2.13	-0.22	1.42	-1.17	0.41	-0.39	1.33	-0.07	0.22	hYd
Train	David	Male	-2.13	1.95	-0.41	1.46	-0.99	0.52	-0.34	1.25	-0.37	0.14	had
Train	David	Male	-2.61	2.41	-0.09	1.59	-1.48	0.16	-0.53	1.55	0.03	0.52	hOd
Train	David	Male	-3.81	3.70	-0.16	1.56	-1.50	-0.37	-0.58	1.41	0.29	-0.10	hod
Train	David	Male	-3.05	1.60	-0.69	1.54	-1.15	-0.04	0.30	0.73	0.60	0.46	hUd
Train	David	Male	-3.97	2.28	-0.62	0.95	-1.09	0.72	0.72	0.30	1.31	0.17	hud
Train	David	Male	-2.98	1.79	-0.87	1.43	-0.93	1.32	-0.21	1.29	-0.14	-0.50	hed
Train	David	Male	-1.30	-0.29	-2.43	0.95	-0.28	2.25	0.28	0.92	-1.57	-0.56	hid
Train	David	Male	-1.01	0.52	-2.04	0.32	-0.63	1.97	0.04	1.41	-0.69	0.05	hId
Train	David	Male	-1.50	0.85	-1.62	0.92	-0.49	1.62	-0.16	1.13	-0.61	-0.05	hEd
Train	David	Male	-1.67	1.71	-1.04	1.14	-0.87	1.04	-0.16	0.95	-0.36	0.02	hAd
Train	David	Male	-2.31	2.02	-0.20	1.49	-1.22	0.38	-0.48	1.40	-0.05	0.40	hYd
Train	David	Male	-2.15	2.03	-0.39	1.35	-1.04	0.65	-0.25	1.28	-0.40	0.18	had
Train	David	Male	-2.65	2.16	-0.05	1.69	-1.26	0.06	-0.61	1.40	0.13	0.60	hOd
Train	David	Male	-3.83	3.75	-0.18	1.52	-1.59	-0.28	-0.33	1.19	0.43	-0.10	hod
Train	David	Male	-3.33	1.53	-0.55	2.02	-0.85	0.02	0.05	0.51	0.40	0.39	hUd
Train	David	Male	-4.17	2.23	-0.39	1.21	-1.01	0.57	0.54	0.22	1.21	0.04	hud
Train	David	Male	-2.87	1.39	-0.82	1.60	-0.88	1.14	-0.43	1.16	0.17	-0.46	hed
Train	David	Male	-1.39	-0.31	-2.29	1.10	-0.25	2.33	0.36	0.80	-1.52	-0.76	hid
Train	David	Male	-0.94	0.54	-2.02	0.31	-0.68	1.90	0.03	1.50	-0.63	0.11	hId
Train	David	Male	-1.33	0.85	-1.66	0.97	-0.46	1.52	-0.16	1.10	-0.54	-0.05	hEd
Train	David	Male	-1.57	1.65	-1.04	1.16	-0.92	0.96	-0.23	0.95	-0.27	0.06	hAd
Train	David	Male	-2.23	1.99	-0.16	1.55	-1.19	0.33	-0.55	1.36	-0.01	0.37	hYd
Train	David	Male	-2.04	1.95	-0.44	1.34	-1.05	0.56	-0.24	1.24	-0.28	0.31	had
Train	David	Male	-2.68	1.73	-0.09	2.00	-1.01	0.04	-0.82	1.23	0.13	0.72	hOd
Train	David	Male	-3.84	3.70	-0.22	1.52	-1.73	-0.18	0.06	0.97	0.50	-0.13	hod
Train	David	Male	-3.48	1.70	-0.56	2.19	-1.04	0.34	0.00	0.59	0.45	0.01	hUd
Train	David	Male	-4.33	2.44	-0.22	1.37	-0.76	0.31	0.59	-0.02	1.10	0.19	hud
Train	David	Male	-2.70	1.28	-0.91	1.57	-0.84	1.04	-0.40	0.95	0.34	-0.69	hed
Train	David	Male	-1.42	-0.32	-2.25	1.07	-0.22	2.27	0.43	0.92	-1.49	-0.70	hid
Train	David	Male	-0.96	0.51	-1.95	0.36	-0.68	1.89	0.05	1.54	-0.63	0.09	hId
Train	David	Male	-1.22	0.83	-1.67	0.94	-0.43	1.46	-0.06	1.13	-0.42	0.06	hEd
Train	David	Male	-1.50	1.61	-1.00	1.16	-0.88	0.90	-0.17	0.86	-0.15	0.16	hAd
Train	David	Male	-2.18	1.95	-0.14	1.66	-1.13	0.28	-0.66	1.35	0.01	0.50	hYd
Train	David	Male	-1.89	1.78	-0.52	1.46	-1.05	0.57	-0.31	1.15	-0.24	0.32	had
Train	David	Male	-2.62	1.65	-0.16	2.02	-1.05	0.09	-0.75	1.34	0.20	0.71	hOd
Train	David	Male	-3.76	3.25	-0.26	1.52	-1.68	-0.22	0.23	0.99	0.62	0.05	hod
Train	David	Male	-3.55	1.90	-0.51	1.96	-1.20	0.85	-0.16	0.84	0.63	-0.59	hUd
Train	David	Male	-4.37	2.46	-0.17	1.50	-0.64	0.29	0.52	-0.11	1.13	0.33	hud
Train	David	Male	-2.56	1.36	-0.94	1.33	-1.05	1.21	-0.32	1.05	0.35	-0.77	hed
Train	David	Male	-1.38	-0.32	-2.27	0.94	-0.29	2.29	0.46	1.10	-1.44	-0.70	hid
Train	David	Male	-1.12	0.41	-1.95	0.56	-0.47	1.98	0.03	1.61	-0.57	0.01	hId
Train	David	Male	-1.28	0.80	-1.65	0.97	-0.42	1.61	-0.03	1.22	-0.37	0.04	hEd
Train	David	Male	-1.48	1.56	-1.01	1.20	-0.85	0.88	-0.14	0.82	-0.17	0.20	hAd
Train	David	Male	-2.20	1.80	-0.20	1.77	-1.09	0.31	-0.62	1.25	0.14	0.41	hYd
Train	David	Male	-1.82	1.68	-0.67	1.48	-1.04	0.71	-0.25	1.19	-0.27	0.22	had
Train	David	Male	-2.57	1.81	-0.17	1.83	-1.16	0.12	-0.61	1.54	0.11	0.75	hOd
Train	David	Male	-3.69	3.07	-0.27	1.62	-1.90	0.05	0.01	1.35	0.35	0.36	hod
Train	David	Male	-3.55	1.93	-0.51	1.73	-1.11	1.01	0.02	0.82	0.73	-0.64	hUd
Train	David	Male	-4.39	2.27	-0.16	1.54	-0.61	0.23	0.57	-0.12	1.07	0.40	hud
Train	David	Male	-2.53	1.49	-0.94	1.21	-1.15	1.32	-0.27	1.15	0.23	-0.77	hed
Train	David	Male	-1.22	-0.29	-2.42	0.83	-0.38	2.27	0.50	1.34	-1.36	-0.68	hid
Train	David	Male	-1.40	0.32	-1.89	0.83	-0.24	2.04	0.00	1.67	-0.51	-0.09	hId
Train	David	Male	-1.49	0.66	-1.58	1.19	-0.25	1.78	-0.07	1.19	-0.41	0.09	hEd
Train	David	Male	-1.51	1.49	-1.05	1.26	-0.81	0.94	-0.12	0.81	-0.21	0.14	hAd
Train	David	Male	-2.27	1.65	-0.23	1.86	-0.97	0.33	-0.61	1.12	0.12	0.29	hYd
Train	David	Male	-1.80	1.56	-0.80	1.39	-0.99	0.75	-0.03	0.96	-0.23	0.30	had
Train	David	Male	-2.45	1.91	-0.21	1.64	-1.16	0.10	-0.54	1.58	0.06	0.79	hOd
Train	David	Male	-3.67	3.13	-0.24	1.59	-1.75	-0.22	0.04	1.05	0.55	0.23	hod
Train	David	Male	-3.42	1.72	-0.64	1.57	-1.04	1.20	-0.12	1.26	0.55	-0.51	hUd
Train	David	Male	-4.38	2.22	-0.27	1.32	-0.66	0.16	0.72	0.01	1.06	0.47	hud
Train	David	Male	-2.52	1.52	-0.96	1.30	-1.10	1.15	-0.27	1.25	0.09	-0.68	hed
Train	Mark	Male	-1.55	-0.40	-1.66	0.24	-0.10	1.56	0.55	1.25	0.13	-0.46	hid
Train	Mark	Male	-1.61	0.29	-1.20	-0.25	-0.26	1.25	0.28	0.90	0.19	-0.42	hId
Train	Mark	Male	-1.89	0.99	-1.06	0.12	0.59	0.26	0.37	0.39	-0.38	-0.65	hEd
Train	Mark	Male	-2.03	1.76	-0.39	-0.25	0.18	0.12	0.10	-0.12	0.07	-0.55	hAd
Train	Mark	Male	-2.55	2.63	0.08	-0.16	-0.88	0.09	-0.19	0.96	0.03	-0.59	hYd
Train	Mark	Male	-2.46	1.97	0.03	0.08	-0.54	0.07	0.05	0.60	0.26	-0.44	had
Train	Mark	Male	-3.19	2.03	0.83	0.81	-1.21	0.04	-0.95	0.79	1.04	0.21	hOd
Train	Mark	Male	-3.57	1.50	0.94	1.83	-1.22	0.18	-1.45	0.92	0.77	1.06	hod
Train	Mark	Male	-3.30	1.73	0.19	0.12	-1.25	0.80	-0.37	1.09	0.49	0.44	hUd
Train	Mark	Male	-3.60	0.74	-0.24	0.33	-0.56	1.27	-0.01	0.84	0.56	0.66	hud
Train	Mark	Male	-2.44	0.79	0.08	0.24	-0.69	0.60	-0.35	0.70	0.41	0.10	hed
Train	Mark	Male	-1.51	-0.46	-1.73	0.26	-0.08	1.57	0.56	1.29	0.12	-0.46	hid
Train	Mark	Male	-1.42	0.26	-1.13	-0.28	-0.39	1.25	0.31	0.89	0.27	-0.38	hId
Train	Mark	Male	-1.81	0.92	-0.93	0.12	0.43	0.55	0.24	0.43	-0.18	-0.73	hEd
Train	Mark	Male	-2.01	1.81	-0.58	-0.03	0.13	0.08	0.09	-0.02	0.12	-0.72	hAd
Train	Mark	Male	-2.56	2.30	0.41	0.00	-1.08	0.13	-0.25	0.98	0.07	-0.47	hYd
Train	Mark	Male	-2.43	1.87	0.21	0.12	-0.63	0.18	0.04	0.61	0.45	-0.56	had
Train	Mark	Male	-3.24	1.75	0.96	1.07	-1.19	0.02	-1.02	0.66	1.01	0.44	hOd
Train	Mark	Male	-3.57	1.36	0.96	1.98	-1.27	0.09	-1.36	0.72	0.74	1.14	hod
Train	Mark	Male	-3.20	1.37	0.39	0.42	-1.20	0.66	-0.43	0.99	0.58	0.87	hUd
Train	Mark	Male	-3.77	0.90	-0.19	0.32	-0.47	1.31	-0.04	0.90	0.54	0.50	hud
Train	Mark	Male	-2.43	0.87	0.13	0.22	-0.81	0.67	-0.23	0.70	0.41	0.14	hed
Train	Mark	Male	-1.66	-0.50	-1.72	0.36	0.00	1.64	0.54	1.32	-0.01	-0.49	hid
Train	Mark	Male	-1.39	0.22	-1.11	-0.29	-0.39	1.28	0.36	0.82	0.29	-0.38	hId
Train	Mark	Male	-1.76	0.89	-1.00	0.20	0.30	0.66	0.16	0.56	-0.30	-0.65	hEd
Train	Mark	Male	-2.03	1.75	-0.53	-0.13	0.27	-0.05	0.08	0.06	0.05	-0.69	hAd
Train	Mark	Male	-2.53	1.80	0.74	0.24	-1.17	-0.07	-0.35	0.90	0.12	-0.12	hYd
Train	Mark	Male	-2.38	1.64	0.31	0.25	-0.82	0.22	-0.09	0.87	0.37	-0.52	had
Train	Mark	Male	-3.18	1.35	0.99	1.32	-0.85	-0.01	-1.23	0.35	1.02	0.77	hOd
Train	Mark	Male	-3.57	1.37	0.97	1.96	-1.26	0.00	-1.27	0.58	0.75	0.99	hod
Train	Mark	Male	-3.17	1.04	0.51	0.69	-1.18	0.67	-0.35	0.88	0.43	1.01	hUd
Train	Mark	Male	-4.07	1.05	-0.05	0.46	-0.36	1.33	-0.13	0.85	0.51	0.32	hud
Train	Mark	Male	-2.48	0.81	0.19	0.28	-0.92	0.73	-0.11	0.61	0.37	0.18	hed
Train	Mark	Male	-1.82	-0.58	-1.62	0.52	0.05	1.71	0.54	1.32	-0.12	-0.50	hid
Train	Mark	Male	-1.45	0.20	-1.13	-0.28	-0.37	1.29	0.37	0.86	0.30	-0.38	hId
Train	Mark	Male	-1.79	0.79	-1.04	0.21	0.22	0.69	0.12	0.58	-0.40	-0.49	hEd
Train	Mark	Male	-2.09	1.70	-0.53	-0.23	0.38	-0.14	0.03	0.07	0.03	-0.74	hAd
Train	Mark	Male	-2.47	1.50	0.86	0.40	-1.17	-0.23	-0.39	0.82	0.16	0.06	hYd
Train	Mark	Male	-2.31	1.49	0.29	0.25	-0.77	0.05	-0.07	0.82	0.62	-0.57	had
Train	Mark	Male	-3.06	1.01	0.94	1.44	-0.58	0.07	-1.33	0.11	0.96	0.98	hOd
Train	Mark	Male	-3.58	1.36	0.91	1.88	-1.17	0.04	-1.54	0.66	0.84	1.09	hod
Train	Mark	Male	-3.15	1.02	0.46	0.62	-1.31	0.84	-0.12	0.91	0.33	0.88	hUd
Train	Mark	Male	-4.32	1.15	0.09	0.59	-0.31	1.32	-0.25	0.76	0.49	0.13	hud
Train	Mark	Male	-2.61	0.84	0.20	0.31	-0.85	0.78	-0.14	0.61	0.34	0.11	hed
Train	Mark	Male	-1.95	-0.60	-1.54	0.62	0.06	1.74	0.59	1.29	-0.16	-0.52	hid
Train	Mark	Male	-1.50	0.12	-1.13	-0.25	-0.37	1.29	0.35	0.85	0.31	-0.38	hId
Train	Mark	Male	-1.92	0.72	-0.95	0.30	0.22	0.79	0.13	0.59	-0.46	-0.49	hEd
Train	Mark	Male	-2.05	1.48	-0.49	0.04	-0.13	0.27	-0.11	-0.06	0.31	-0.80	hAd
Train	Mark	Male	-2.51	1.53	0.85	0.33	-1.23	-0.26	-0.26	0.86	0.07	0.07	hYd
Train	Mark	Male	-2.29	1.15	0.35	0.35	-0.71	0.08	-0.18	0.79	0.71	-0.41	had
Train	Mark	Male	-2.93	0.72	0.83	1.51	-0.52	0.07	-1.16	0.02	0.87	1.07	hOd
Train	Mark	Male	-3.53	1.27	0.90	1.89	-1.28	0.01	-1.44	0.66	0.87	1.04	hod
Train	Mark	Male	-3.14	0.86	0.42	0.70	-1.38	0.89	0.02	0.89	0.22	0.83	hUd
Train	Mark	Male	-4.39	1.16	0.16	0.61	-0.41	1.35	-0.24	0.76	0.45	0.10	hud
Train	Mark	Male	-2.70	0.92	0.27	0.31	-0.76	0.82	-0.11	0.67	0.26	0.06	hed
Train	Mark	Male	-2.06	-0.61	-1.50	0.70	0.07	1.80	0.63	1.30	-0.19	-0.54	hid
Train	Mark	Male	-1.54	0.04	-1.13	-0.21	-0.38	1.26	0.33	0.87	0.29	-0.39	hId
Train	Mark	Male	-1.93	0.73	-1.01	0.27	0.20	0.78	0.19	0.71	-0.45	-0.60	hEd
Train	Mark	Male	-2.08	1.41	-0.58	0.19	-0.35	0.52	-0.41	0.31	0.03	-0.72	hAd
Train	Mark	Male	-2.55	1.53	0.81	0.37	-1.21	-0.35	-0.25	0.89	0.05	0.08	hYd
Train	Mark	Male	-2.34	0.79	0.37	0.49	-0.67	0.28	-0.24	0.83	0.59	-0.27	had
Train	Mark	Male	-2.83	0.65	0.73	1.43	-0.72	-0.03	-0.84	0.24	0.92	0.88	hOd
Train	Mark	Male	-3.48	1.13	0.90	1.99	-1.38	-0.05	-1.27	0.65	0.84	1.04	hod
Train	Mark	Male	-3.25	0.71	0.39	0.82	-1.35	1.07	0.20	0.86	-0.06	0.49	hUd
Train	Mark	Male	-4.52	1.43	0.16	0.58	-0.35	1.34	-0.26	0.81	0.43	-0.10	hud
Train	Mark	Male	-2.80	1.02	0.25	0.33	-0.65	0.85	-0.09	0.68	0.26	-0.03	hed
Train	Jo	Female	-3.03	-1.27	0.26	1.52	0.66	1.62	-0.36	-0.47	-0.74	0.52	hid
Train	Jo	Female	-3.12	0.36	0.38	1.45	0.87	0.41	-0.92	-0.55	-0.64	0.17	hId
Train	Jo	Female	-2.61	0.43	0.23	1.34	0.32	-0.38	-0.62	-0.22	-0.28	0.35	hEd
Train	Jo	Female	-1.57	0.93	-0.18	-0.16	-0.16	-0.28	0.14	-0.05	-0.69	0.28	hAd
Train	Jo	Female	-2.76	2.07	-0.31	-0.54	-0.69	0.09	0.88	0.17	-0.45	-0.09	hYd
Train	Jo	Female	-2.50	1.61	-0.62	-0.45	-0.23	-0.15	1.16	0.12	-0.81	0.50	had
Train	Jo	Female	-3.53	2.32	1.09	0.25	-1.05	-0.43	-0.03	1.30	-0.24	-0.67	hOd
Train	Jo	Female	-3.89	3.69	0.08	-0.15	-1.09	-0.52	0.20	1.58	-0.26	-0.17	hod
Train	Jo	Female	-4.08	2.66	-0.05	-0.31	0.23	0.86	0.34	0.44	-0.55	-0.93	hUd
Train	Jo	Female	-4.16	2.81	0.56	0.60	0.58	0.48	-0.27	0.78	-1.00	-0.78	hud
Train	Jo	Female	-2.91	0.92	-0.14	-0.38	0.12	0.29	0.42	0.76	-0.90	-0.19	hed
Train	Jo	Female	-3.16	-1.14	0.30	1.44	0.69	1.64	-0.45	-0.52	-0.52	0.64	hid
Train	Jo	Female	-3.22	0.49	0.82	1.32	0.75	0.35	-0.98	-0.56	-0.49	0.17	hId
Train	Jo	Female	-2.68	0.53	0.25	1.24	0.47	-0.34	-0.65	-0.42	-0.25	0.41	hEd
Train	Jo	Female	-1.58	0.91	-0.29	0.01	-0.26	-0.23	0.19	-0.05	-0.63	0.24	hAd
Train	Jo	Female	-2.86	2.09	-0.41	-0.44	-0.64	0.32	0.82	0.10	-0.48	-0.25	hYd
Train	Jo	Female	-2.44	1.50	-0.68	-0.46	-0.14	0.00	1.01	0.06	-0.60	0.17	had
Train	Jo	Female	-3.41	2.40	1.02	0.11	-1.10	-0.32	0.10	1.54	-0.30	-0.67	hOd
Train	Jo	Female	-3.96	3.92	0.15	-0.26	-1.20	-0.25	0.20	1.16	-0.05	-0.04	hod
Train	Jo	Female	-4.07	2.75	-0.23	-0.26	0.36	0.69	0.38	0.50	-0.72	-0.86	hUd
Train	Jo	Female	-4.19	2.64	0.50	0.55	0.74	0.40	-0.03	0.80	-0.87	-0.91	hud
Train	Jo	Female	-2.92	0.92	-0.23	-0.31	0.08	0.26	0.40	0.69	-1.01	-0.16	hed
Train	Jo	Female	-3.39	-0.96	0.48	1.55	0.66	1.50	-0.65	-0.60	-0.29	0.62	hid
Train	Jo	Female	-3.13	0.28	0.95	1.26	0.75	0.44	-0.84	-0.52	-0.47	0.00	hId
Train	Jo	Female	-2.69	0.53	0.16	1.50	0.35	-0.41	-0.49	-0.51	-0.28	0.42	hEd
Train	Jo	Female	-1.69	0.81	-0.04	-0.05	-0.17	-0.37	0.12	0.05	-0.61	0.30	hAd
Train	Jo	Female	-2.93	2.20	-0.53	-0.49	-0.52	0.58	0.81	-0.13	-0.47	-0.35	hYd
Train	Jo	Female	-2.56	1.42	-0.80	-0.23	-0.08	0.24	0.77	-0.11	-0.71	0.17	had
Train	Jo	Female	-3.44	2.71	1.07	0.03	-1.12	-0.21	0.06	1.44	-0.35	-0.42	hOd
Train	Jo	Female	-4.07	3.91	-0.06	-0.38	-1.16	0.06	0.51	1.00	0.03	-0.19	hod
Train	Jo	Female	-4.07	2.57	-0.07	-0.15	0.13	0.55	0.45	0.58	-0.54	-0.90	hUd
Train	Jo	Female	-4.31	2.32	0.58	0.28	0.70	0.53	-0.07	0.81	-0.92	-1.11	hud
Train	Jo	Female	-3.02	1.03	-0.24	-0.29	0.09	0.23	0.37	0.56	-1.03	-0.15	hed
Train	Jo	Female	-3.48	-0.86	0.58	1.50	0.58	1.48	-0.66	-0.60	-0.32	0.57	hid
Train	Jo	Female	-3.05	0.08	0.98	1.19	0.76	0.50	-0.71	-0.47	-0.57	-0.15	hId
Train	Jo	Female	-2.84	0.53	0.24	1.63	0.23	-0.55	-0.64	-0.23	-0.19	0.45	hEd
Train	Jo	Female	-1.61	0.83	-0.06	-0.05	-0.04	-0.42	0.29	-0.09	-0.63	0.22	hAd
Train	Jo	Female	-2.94	2.16	-0.45	-0.21	-0.88	0.70	0.82	-0.04	-0.74	-0.19	hYd
Train	Jo	Female	-2.84	1.34	-0.71	0.00	0.13	0.41	0.54	-0.08	-1.00	0.09	had
Train	Jo	Female	-3.59	3.13	0.88	-0.19	-1.16	-0.22	0.05	1.34	-0.64	-0.25	hOd
Train	Jo	Female	-4.22	3.89	0.02	-0.14	-1.13	-0.05	0.52	1.02	0.08	-0.23	hod
Train	Jo	Female	-4.09	2.56	0.12	-0.15	0.12	0.47	0.37	0.50	-0.47	-0.89	hUd
Train	Jo	Female	-4.44	2.61	0.60	0.19	0.64	0.68	-0.14	0.77	-0.83	-1.12	hud
Train	Jo	Female	-2.98	1.03	-0.22	-0.10	0.08	0.05	0.48	0.52	-1.11	-0.13	hed
Train	Jo	Female	-3.69	-0.60	0.69	1.31	0.61	1.51	-0.75	-0.70	-0.35	0.70	hid
Train	Jo	Female	-3.28	0.32	1.05	1.15	0.73	0.17	-0.84	-0.38	-0.69	0.01	hId
Train	Jo	Female	-3.25	1.04	0.59	1.41	0.02	-0.82	-0.58	0.03	0.07	0.32	hEd
Train	Jo	Female	-1.60	0.88	-0.20	0.20	-0.12	-0.47	0.43	-0.11	-0.61	0.13	hAd
Train	Jo	Female	-2.99	2.07	-0.31	-0.08	-0.88	0.45	0.92	0.08	-0.90	-0.11	hYd
Train	Jo	Female	-3.00	1.16	-0.45	0.33	0.10	0.57	0.43	-0.02	-1.15	-0.06	had
Train	Jo	Female	-3.68	3.67	0.04	-0.51	-0.90	0.03	0.49	0.65	-0.72	-0.32	hOd
Train	Jo	Female	-4.21	3.87	0.16	-0.05	-1.25	-0.10	0.28	0.92	0.09	-0.16	hod
Train	Jo	Female	-4.13	2.69	0.31	-0.13	0.12	0.39	0.20	0.31	-0.48	-0.91	hUd
Train	Jo	Female	-4.50	3.02	0.61	0.12	0.67	0.71	-0.03	0.86	-0.70	-1.04	hud
Train	Jo	Female	-2.85	1.01	-0.22	-0.08	0.09	0.08	0.44	0.51	-1.18	-0.02	hed
Train	Jo	Female	-3.69	-0.57	0.73	1.24	0.61	1.50	-0.80	-0.76	-0.35	0.79	hid
Train	Jo	Female	-3.54	0.62	0.67	1.41	0.65	-0.44	-0.80	-0.26	-0.65	0.42	hId
Train	Jo	Female	-3.29	0.93	0.52	1.48	0.25	-0.66	-0.64	-0.09	-0.13	0.20	hEd
Train	Jo	Female	-1.71	0.94	-0.14	0.15	-0.09	-0.48	0.22	0.03	-0.69	0.19	hAd
Train	Jo	Female	-2.94	2.09	-0.35	-0.36	-0.61	0.40	0.86	0.19	-0.76	-0.23	hYd
Train	Jo	Female	-3.25	1.02	-0.29	0.71	-0.04	0.54	0.48	-0.12	-0.94	-0.11	had
Train	Jo	Female	-3.66	3.27	-0.12	-0.24	-0.75	0.09	0.69	0.38	-0.58	-0.69	hOd
Train	Jo	Female	-4.22	3.64	0.19	-0.02	-1.23	-0.32	0.13	1.03	0.06	-0.18	hod
Train	Jo	Female	-4.08	2.54	0.04	0.08	0.22	0.39	0.32	0.40	-0.66	-0.96	hUd
Train	Jo	Female	-4.54	3.05	1.03	-0.02	0.45	0.88	-0.09	0.88	-0.46	-1.10	hud
Train	Jo	Female	-2.71	0.97	-0.02	0.05	0.10	-0.15	0.38	0.48	-1.05	-0.26	hed
Train	Kate	Female	-3.32	-0.30	-0.50	0.96	0.92	0.98	1.06	-1.08	-1.00	0.11	hid
Train	Kate	Female	-3.84	1.06	-0.19	1.68	0.62	1.25	-0.81	-0.51	-1.13	0.08	hId
Train	Kate	Female	-2.66	0.77	-1.01	1.31	0.29	0.86	-0.47	-0.19	-0.72	0.41	hEd
Train	Kate	Female	-2.49	1.38	-0.93	0.47	-0.37	0.00	0.19	-0.70	-0.31	0.35	hAd
Train	Kate	Female	-2.90	2.31	-0.66	0.02	-1.12	0.25	0.47	0.48	-0.16	-0.68	hYd
Train	Kate	Female	-2.68	1.97	-0.86	0.03	-0.64	0.48	0.14	0.16	-0.22	-0.34	had
Train	Kate	Female	-3.39	2.76	-0.71	-0.03	-0.64	0.11	0.77	0.44	-0.11	-0.98	hOd
Train	Kate	Female	-4.24	3.35	-0.41	0.90	-1.03	-0.28	0.58	0.48	0.56	-0.09	hod
Train	Kate	Female	-3.74	2.70	-1.59	0.78	-0.30	1.38	0.18	1.46	-0.13	-1.30	hUd
Train	Kate	Female	-4.69	3.23	-1.15	0.70	0.45	0.30	0.45	0.00	-0.26	-1.40	hud
Train	Kate	Female	-3.01	1.63	-0.83	0.98	-0.30	0.93	0.17	0.84	-0.24	-1.14	hed
Train	Kate	Female	-3.27	-0.08	-0.69	0.76	1.04	1.19	0.89	-1.29	-1.03	0.20	hid
Train	Kate	Female	-3.62	0.92	-0.40	1.77	0.67	1.53	-0.39	-0.34	-1.28	-0.11	hId
Train	Kate	Female	-2.69	0.77	-0.87	1.34	0.32	0.93	-0.33	-0.17	-0.94	0.40	hEd
Train	Kate	Female	-2.52	1.34	-0.84	0.51	-0.49	0.10	0.05	-0.68	-0.28	0.17	hAd
Train	Kate	Female	-2.88	2.16	-0.59	0.17	-1.16	0.01	0.57	0.50	-0.09	-0.62	hYd
Train	Kate	Female	-2.59	1.81	-0.66	-0.02	-0.67	0.59	0.08	0.18	-0.09	-0.37	had
Train	Kate	Female	-3.35	2.85	-0.89	0.01	-0.55	0.29	0.90	0.32	-0.30	-1.02	hOd
Train	Kate	Female	-4.23	3.11	-0.38	1.16	-1.19	-0.36	0.52	0.51	0.67	-0.07	hod
Train	Kate	Female	-3.90	2.48	-0.95	0.70	-0.47	1.15	-0.11	1.60	0.15	-1.20	hUd
Train	Kate	Female	-4.71	3.27	-1.12	0.70	0.44	0.18	0.55	0.00	-0.17	-1.48	hud
Train	Kate	Female	-3.00	1.52	-0.87	1.01	-0.40	0.86	0.17	0.94	-0.22	-1.01	hed
Train	Kate	Female	-3.35	-0.16	-0.41	0.92	0.97	0.98	0.93	-1.21	-1.27	0.28	hid
Train	Kate	Female	-3.52	0.72	-0.37	1.79	0.58	1.68	-0.11	-0.02	-1.50	0.00	hId
Train	Kate	Female	-2.88	0.87	-0.73	1.44	0.35	0.85	-0.38	-0.23	-1.07	0.50	hEd
Train	Kate	Female	-2.61	1.40	-0.87	0.47	-0.45	0.17	-0.06	-0.66	-0.33	0.09	hAd
Train	Kate	Female	-2.86	2.26	-0.68	0.10	-1.09	0.04	0.73	0.31	-0.14	-0.64	hYd
Train	Kate	Female	-2.50	1.69	-0.61	0.02	-0.71	0.61	0.09	0.27	-0.06	-0.51	had
Train	Kate	Female	-3.24	2.74	-0.81	-0.20	-0.39	0.36	0.89	0.52	-0.30	-1.08	hOd
Train	Kate	Female	-4.19	3.23	-0.46	1.08	-1.38	-0.10	0.46	0.56	0.70	-0.32	hod
Train	Kate	Female	-3.78	2.19	-1.02	0.69	-0.46	1.19	-0.16	1.67	-0.02	-1.14	hUd
Train	Kate	Female	-4.74	3.38	-0.89	0.57	0.23	0.18	0.36	0.04	0.20	-1.68	hud
Train	Kate	Female	-3.05	1.46	-0.82	0.94	-0.44	0.85	0.09	0.87	-0.18	-0.95	hed
Train	Kate	Female	-3.59	-0.14	-0.03	1.02	1.07	0.72	0.69	-0.98	-1.43	0.25	hid
Train	Kate	Female	-3.43	0.58	-0.47	1.78	0.57	1.69	0.07	0.08	-1.48	-0.14	hId
Train	Kate	Female	-3.09	1.01	-0.63	1.51	0.34	0.75	-0.48	-0.32	-1.09	0.64	hEd
Train	Kate	Female	-2.75	1.48	-0.85	0.36	-0.28	0.02	0.00	-0.78	-0.29	0.17	hAd
Train	Kate	Female	-2.85	2.43	-0.78	-0.15	-0.90	0.24	0.75	0.14	-0.11	-0.75	hYd
Train	Kate	Female	-2.51	1.51	-0.56	0.23	-0.74	0.63	-0.01	0.52	-0.14	-0.65	had
Train	Kate	Female	-3.12	2.73	-0.86	-0.33	-0.31	0.59	0.85	0.47	-0.17	-0.90	hOd
Train	Kate	Female	-4.18	3.32	-0.45	0.99	-1.48	0.13	0.51	0.61	0.69	-0.46	hod
Train	Kate	Female	-3.78	2.06	-0.98	0.85	-0.37	0.96	-0.04	1.33	0.25	-1.09	hUd
Train	Kate	Female	-4.79	3.63	-0.71	0.30	0.37	-0.12	0.40	-0.02	0.12	-1.32	hud
Train	Kate	Female	-3.01	1.41	-0.88	0.94	-0.50	0.72	0.21	0.75	-0.04	-1.05	hed
Train	Kate	Female	-3.78	-0.01	0.10	1.12	1.04	0.65	0.62	-1.08	-1.27	0.05	hid
Train	Kate	Female	-3.39	0.56	-0.57	1.70	0.61	1.64	0.11	0.20	-1.51	-0.22	hId
Train	Kate	Female	-3.09	0.94	-0.57	1.36	0.42	0.76	-0.48	-0.14	-1.29	0.70	hEd
Train	Kate	Female	-2.85	1.45	-0.79	0.48	-0.37	0.05	-0.03	-0.76	-0.25	0.11	hAd
Train	Kate	Female	-2.88	2.42	-0.76	-0.11	-1.01	0.36	0.71	0.13	-0.02	-0.85	hYd
Train	Kate	Female	-2.66	1.26	-0.53	0.46	-0.61	0.67	-0.16	0.86	-0.42	-0.60	had
Train	Kate	Female	-3.25	2.80	-0.87	-0.20	-0.32	0.81	0.82	0.06	-0.12	-0.75	hOd
Train	Kate	Female	-4.17	3.19	-0.38	1.03	-1.41	0.01	0.51	0.63	0.80	-0.28	hod
Train	Kate	Female	-3.86	1.80	-0.72	1.13	-0.23	0.92	-0.22	1.26	0.19	-0.94	hUd
Train	Kate	Female	-4.84	3.87	-0.68	0.18	0.35	-0.18	0.32	0.06	-0.02	-1.13	hud
Train	Kate	Female	-2.97	1.30	-0.85	0.98	-0.51	0.59	0.25	0.73	0.07	-1.11	hed
Train	Kate	Female	-3.86	0.12	0.05	1.17	0.98	0.70	0.58	-1.19	-1.17	-0.08	hid
Train	Kate	Female	-3.40	0.51	-0.59	1.63	0.66	1.46	0.07	0.38	-1.49	-0.45	hId
Train	Kate	Female	-2.95	0.78	-0.74	1.31	0.42	0.85	-0.32	-0.08	-1.46	0.62	hEd
Train	Kate	Female	-3.01	1.47	-0.72	0.54	-0.39	0.05	-0.05	-0.69	-0.29	0.15	hAd
Train	Kate	Female	-2.90	2.42	-0.81	-0.04	-1.16	0.45	0.69	0.22	-0.08	-0.88	hYd
Train	Kate	Female	-2.91	1.10	-0.49	0.57	-0.39	0.77	-0.13	0.98	-0.54	-0.60	had
Train	Kate	Female	-3.46	2.65	-0.45	0.00	-0.42	0.77	0.57	-0.07	-0.08	-0.80	hOd
Train	Kate	Female	-4.08	3.34	-0.69	0.68	-1.47	0.46	0.68	0.72	0.72	-0.41	hod
Train	Kate	Female	-3.85	1.43	-0.61	1.43	-0.07	1.13	-0.54	1.16	-0.12	-0.38	hUd
Train	Kate	Female	-4.89	3.97	-0.95	0.37	0.25	-0.12	0.43	-0.01	0.02	-1.52	hud
Train	Kate	Female	-2.98	1.29	-0.84	0.95	-0.49	0.57	0.27	0.69	0.08	-1.10	hed
Train	Penny	Female	-3.21	-0.61	-0.52	1.10	1.53	1.07	0.19	-0.95	-0.25	-0.06	hid
Train	Penny	Female	-2.57	-0.11	-0.84	0.73	1.11	0.96	-0.08	0.15	-0.89	0.31	hId
Train	Penny	Female	-2.21	0.66	-0.58	1.14	0.24	0.07	-0.63	-0.37	-0.33	0.56	hEd
Train	Penny	Female	-1.88	2.21	-0.67	0.15	-0.15	-0.40	0.25	-0.10	-0.87	0.25	hAd
Train	Penny	Female	-2.49	2.82	-0.24	-0.33	-1.36	0.28	0.10	0.93	-0.97	-0.31	hYd
Train	Penny	Female	-2.34	2.90	-0.29	-0.42	-0.64	0.35	0.12	0.45	-1.13	0.11	had
Train	Penny	Female	-2.71	2.33	0.70	0.24	-1.43	-0.22	-0.32	1.52	-0.16	-0.70	hOd
Train	Penny	Female	-4.21	3.29	-0.11	-1.25	-0.68	0.54	0.58	0.83	-0.04	-0.76	hod
Train	Penny	Female	-3.98	2.29	-0.10	-0.71	0.30	0.32	0.86	1.40	-1.25	-0.30	hUd
Train	Penny	Female	-4.96	2.78	0.47	0.05	0.42	-0.33	0.33	0.47	-1.26	-0.22	hud
Train	Penny	Female	-2.53	1.29	-0.14	-0.17	-0.08	0.26	-0.05	0.68	-1.40	-0.07	hed
Train	Penny	Female	-3.43	-0.50	-0.36	1.17	1.59	0.96	0.16	-0.85	-0.36	0.08	hid
Train	Penny	Female	-2.66	-0.10	-0.69	0.70	1.08	1.04	-0.15	0.18	-0.93	0.33	hId
Train	Penny	Female	-2.10	0.65	-0.84	1.20	0.38	0.14	-0.50	-0.55	-0.40	0.60	hEd
Train	Penny	Female	-1.93	2.17	-0.57	0.26	-0.16	-0.49	0.27	-0.15	-0.67	0.00	hAd
Train	Penny	Female	-2.51	2.83	-0.17	-0.38	-1.50	0.38	0.07	0.90	-0.90	-0.41	hYd
Train	Penny	Female	-2.35	2.90	-0.43	-0.19	-0.71	0.36	0.26	0.27	-1.21	0.36	had
Train	Penny	Female	-2.71	2.40	0.73	0.34	-1.44	-0.34	-0.41	1.47	-0.02	-0.72	hOd
Train	Penny	Female	-4.34	3.51	-0.45	-1.05	-0.47	0.51	0.62	0.80	-0.40	-0.78	hod
Train	Penny	Female	-4.05	2.19	0.20	-0.75	0.22	0.39	0.63	1.48	-1.21	-0.27	hUd
Train	Penny	Female	-5.02	2.55	0.56	-0.14	0.53	-0.06	0.37	0.63	-1.41	-0.27	hud
Train	Penny	Female	-2.66	1.63	-0.38	-0.11	0.00	0.23	0.03	0.48	-1.56	0.22	hed
Train	Penny	Female	-3.59	-0.38	-0.36	1.31	1.59	0.99	0.18	-0.83	-0.47	0.20	hid
Train	Penny	Female	-2.89	-0.04	-0.49	0.72	1.10	1.00	-0.41	0.10	-0.86	0.36	hId
Train	Penny	Female	-2.28	0.67	-0.80	1.29	0.31	0.01	-0.41	-0.61	-0.27	0.58	hEd
Train	Penny	Female	-1.99	2.16	-0.60	0.42	-0.29	-0.49	0.21	-0.22	-0.56	0.08	hAd
Train	Penny	Female	-2.56	2.83	-0.28	-0.37	-1.59	0.41	0.12	0.93	-0.95	-0.36	hYd
Train	Penny	Female	-2.41	2.52	-0.28	0.09	-0.90	0.28	0.30	0.25	-1.21	0.37	had
Train	Penny	Female	-2.78	2.56	0.53	0.28	-1.47	-0.37	-0.28	1.48	-0.16	-0.80	hOd
Train	Penny	Female	-4.38	3.72	-0.90	-0.96	-0.16	0.50	0.81	0.66	-0.61	-0.83	hod
Train	Penny	Female	-4.11	2.17	0.21	-0.81	0.33	0.63	0.40	1.10	-1.33	-0.04	hUd
Train	Penny	Female	-5.07	2.12	0.83	-0.27	0.58	0.14	0.31	1.00	-1.41	-0.31	hud
Train	Penny	Female	-2.81	1.95	-0.66	0.11	-0.01	0.11	0.19	0.10	-1.54	0.59	hed
Train	Penny	Female	-3.76	-0.32	-0.24	1.27	1.75	1.13	0.23	-0.72	-0.50	0.31	hid
Train	Penny	Female	-3.15	0.09	-0.32	0.87	1.08	0.75	-0.52	0.00	-0.82	0.48	hId
Train	Penny	Female	-2.56	0.75	-0.66	1.37	0.04	-0.01	-0.44	-0.53	-0.06	0.42	hEd
Train	Penny	Female	-2.01	2.16	-0.63	0.39	-0.24	-0.44	0.10	-0.27	-0.65	0.17	hAd
Train	Penny	Female	-2.60	2.73	-0.32	-0.25	-1.67	0.23	0.20	1.01	-0.87	-0.46	hYd
Train	Penny	Female	-2.52	2.27	-0.28	0.27	-0.91	0.27	0.35	-0.03	-1.18	0.43	had
Train	Penny	Female	-2.92	2.62	0.21	0.12	-1.48	-0.17	0.05	1.38	-0.63	-0.76	hOd
Train	Penny	Female	-4.42	3.77	-1.23	-0.85	0.04	0.54	0.88	0.53	-0.76	-0.79	hod
Train	Penny	Female	-4.07	2.25	-0.28	-0.72	0.70	0.68	0.24	0.69	-1.45	0.19	hUd
Train	Penny	Female	-5.08	2.24	0.97	-0.37	0.50	0.23	0.14	0.85	-1.32	-0.30	hud
Train	Penny	Female	-2.93	2.01	-0.70	0.21	-0.09	0.15	0.14	-0.03	-1.44	0.62	hed
Train	Penny	Female	-4.25	-0.03	0.25	1.37	1.83	1.17	0.09	-0.52	-0.32	0.35	hid
Train	Penny	Female	-3.18	0.15	-0.41	0.92	1.09	0.58	-0.45	-0.09	-0.90	0.69	hId
Train	Penny	Female	-2.51	0.56	-0.78	1.30	0.03	0.25	-0.49	-0.65	-0.03	0.48	hEd
Train	Penny	Female	-2.04	2.12	-0.58	0.55	-0.43	-0.29	0.00	-0.23	-0.75	0.25	hAd
Train	Penny	Female	-2.64	2.70	-0.34	-0.23	-1.65	0.06	0.28	0.95	-0.65	-0.57	hYd
Train	Penny	Female	-2.73	2.10	-0.50	0.14	-0.53	0.46	0.15	-0.41	-1.06	0.63	had
Train	Penny	Female	-3.03	2.71	-0.15	-0.03	-1.34	0.05	0.36	1.10	-1.02	-0.65	hOd
Train	Penny	Female	-4.41	3.74	-1.31	-0.81	0.17	0.59	0.98	0.42	-0.82	-0.75	hod
Train	Penny	Female	-4.04	2.14	-0.35	-0.60	0.84	0.66	-0.01	0.51	-1.41	0.21	hUd
Train	Penny	Female	-5.16	2.49	1.06	-0.34	0.35	0.18	-0.05	0.82	-1.31	-0.25	hud
Train	Penny	Female	-2.91	1.99	-0.90	0.20	0.01	0.35	-0.03	-0.15	-1.26	0.49	hed
Train	Penny	Female	-4.69	0.41	0.89	1.46	1.62	1.02	-0.12	-0.40	-0.31	0.29	hid
Train	Penny	Female	-3.10	0.10	-0.45	0.88	1.07	0.50	-0.30	-0.07	-0.97	0.71	hId
Train	Penny	Female	-2.45	0.28	-0.81	1.14	0.24	0.18	-0.10	-0.75	-0.33	0.73	hEd
Train	Penny	Female	-2.08	2.04	-0.52	0.58	-0.46	-0.25	-0.04	-0.16	-0.81	0.43	hAd
Train	Penny	Female	-2.66	2.74	-0.38	-0.31	-1.64	0.08	0.28	0.88	-0.54	-0.55	hYd
Train	Penny	Female	-2.98	2.00	-0.92	0.19	0.04	0.47	-0.13	-0.69	-0.68	0.66	had
Train	Penny	Female	-3.10	2.53	-0.32	-0.32	-1.08	0.28	0.44	0.85	-0.95	-0.71	hOd
Train	Penny	Female	-4.40	3.60	-0.94	-0.93	0.04	0.41	1.00	0.47	-0.48	-0.62	hod
Train	Penny	Female	-4.20	2.20	-0.31	-0.39	0.97	0.70	-0.33	0.13	-0.90	0.15	hUd
Train	Penny	Female	-5.21	2.54	0.82	-0.33	0.45	0.23	0.13	0.89	-1.39	-0.30	hud
Train	Penny	Female	-2.75	1.78	-0.72	0.06	-0.01	0.40	0.12	0.05	-1.43	0.28	hed
Train	Rose	Female	-5.06	2.24	1.38	1.88	-0.26	-0.48	-0.56	0.12	-0.06	0.66	hid
Train	Rose	Female	-4.18	1.65	0.74	1.29	0.72	-0.51	-1.13	-0.45	-0.65	1.00	hId
Train	Rose	Female	-3.75	0.83	-0.04	1.41	0.21	-0.53	-0.52	-0.40	-0.39	1.07	hEd
Train	Rose	Female	-3.49	1.21	-0.61	0.24	-0.43	0.13	0.24	0.55	-0.59	0.68	hAd
Train	Rose	Female	-2.81	2.33	-1.25	-0.18	-0.75	0.49	1.20	-0.56	-0.67	0.05	hYd
Train	Rose	Female	-3.13	1.98	-1.40	0.25	-0.67	0.53	0.39	-0.18	-0.58	0.84	had
Train	Rose	Female	-3.75	3.02	-0.75	-0.45	-0.67	0.21	0.74	0.90	-1.61	0.13	hOd
Train	Rose	Female	-4.37	4.64	-0.79	-1.33	-0.20	0.60	0.19	1.13	-1.13	-0.28	hod
Train	Rose	Female	-4.47	4.12	-0.42	-1.20	0.34	0.60	-0.11	0.31	-1.25	-0.01	hUd
Train	Rose	Female	-4.90	4.49	-0.56	-0.54	-0.16	-0.30	0.84	-0.16	-0.91	0.36	hud
Train	Rose	Female	-4.13	2.30	-0.17	-0.27	0.10	0.32	-0.47	-0.25	-0.41	0.86	hed
Train	Rose	Female	-5.12	2.32	1.41	1.80	-0.28	-0.33	-0.75	0.22	0.06	0.46	hid
Train	Rose	Female	-4.39	2.14	0.57	1.40	0.29	-0.84	-0.97	-0.46	-0.28	1.18	hId
Train	Rose	Female	-3.96	1.08	0.11	1.23	0.21	-0.67	-0.54	-0.33	-0.27	1.10	hEd
Train	Rose	Female	-3.65	1.22	-0.57	0.25	-0.30	0.16	0.15	0.55	-0.58	0.62	hAd
Train	Rose	Female	-3.00	2.26	-1.18	-0.12	-0.92	0.54	1.29	-0.51	-0.57	-0.10	hYd
Train	Rose	Female	-3.42	1.98	-1.15	0.23	-0.78	0.41	0.49	0.13	-0.70	0.76	had
Train	Rose	Female	-3.89	3.17	-0.74	-0.69	-0.55	0.33	0.57	0.98	-1.61	0.28	hOd
Train	Rose	Female	-4.47	4.57	-1.07	-1.41	0.14	1.05	0.07	0.88	-1.36	-0.17	hod
Train	Rose	Female	-4.47	4.10	-0.81	-0.88	0.65	0.54	0.04	0.14	-1.55	-0.02	hUd
Train	Rose	Female	-4.95	4.64	-0.44	-0.95	-0.12	-0.25	0.59	0.27	-0.78	0.26	hud
Train	Rose	Female	-4.17	2.30	-0.30	-0.13	0.12	0.32	-0.39	-0.33	-0.48	0.99	hed
Train	Rose	Female	-5.13	2.19	1.36	1.94	-0.59	-0.35	-0.68	0.15	0.18	0.38	hid
Train	Rose	Female	-4.39	1.86	0.50	1.72	0.24	-0.82	-0.67	-0.69	-0.45	1.40	hId
Train	Rose	Female	-4.06	1.07	0.16	1.14	0.38	-0.69	-0.58	-0.19	-0.30	1.18	hEd
Train	Rose	Female	-3.63	1.20	-0.72	0.13	-0.06	0.35	-0.06	0.56	-0.59	0.81	hAd
Train	Rose	Female	-3.43	2.26	-1.07	-0.12	-0.80	0.36	1.40	-0.51	-0.38	0.01	hYd
Train	Rose	Female	-3.77	1.97	-0.95	0.30	-0.74	0.41	0.38	0.15	-0.54	0.74	had
Train	Rose	Female	-3.97	3.07	-0.51	-0.83	-0.48	0.43	0.36	0.94	-1.31	0.20	hOd
Train	Rose	Female	-4.50	4.50	-1.45	-1.13	0.44	0.99	0.14	0.60	-1.09	-0.07	hod
Train	Rose	Female	-4.47	4.06	-0.93	-0.68	0.60	0.44	0.22	0.10	-1.34	-0.19	hUd
Train	Rose	Female	-5.01	4.98	-0.87	-1.22	0.17	-0.02	0.54	0.15	-0.84	0.71	hud
Train	Rose	Female	-4.15	2.07	-0.61	0.11	0.41	0.35	-0.28	-0.38	-0.51	0.74	hed
Train	Rose	Female	-5.13	2.08	1.28	2.00	-0.73	-0.51	-0.56	0.05	0.29	0.27	hid
Train	Rose	Female	-4.32	1.41	0.44	1.82	0.50	-0.62	-0.63	-0.62	-0.67	1.19	hId
Train	Rose	Female	-4.15	1.13	-0.01	1.22	0.39	-0.47	-0.40	-0.34	-0.34	0.89	hEd
Train	Rose	Female	-3.58	1.19	-0.96	0.19	-0.08	0.45	0.05	0.45	-0.68	0.92	hAd
Train	Rose	Female	-3.83	2.37	-0.84	-0.34	-0.47	0.12	1.17	-0.17	-0.28	0.12	hYd
Train	Rose	Female	-3.82	1.71	-1.13	0.45	-0.47	0.67	0.30	-0.17	-0.47	0.85	had
Train	Rose	Female	-3.95	2.99	-0.64	-0.99	-0.17	0.77	0.25	0.80	-1.48	0.17	hOd
Train	Rose	Female	-4.47	4.46	-1.89	-0.80	0.72	0.94	0.24	0.34	-1.04	-0.06	hod
Train	Rose	Female	-4.58	4.12	-0.75	-0.85	0.52	0.50	0.12	0.18	-1.26	-0.12	hUd
Train	Rose	Female	-5.05	4.85	-0.68	-0.88	-0.09	0.00	0.25	-0.08	-0.18	0.13	hud
Train	Rose	Female	-4.11	1.86	-0.74	0.13	0.66	0.33	-0.25	-0.12	-0.53	0.46	hed
Train	Rose	Female	-5.14	2.05	1.22	1.90	-0.56	-0.47	-0.84	0.01	0.46	0.19	hid
Train	Rose	Female	-4.40	1.41	0.55	1.50	0.67	-0.62	-0.79	-0.38	-0.70	1.14	hId
Train	Rose	Female	-4.32	1.27	-0.09	1.28	0.13	-0.13	-0.29	-0.46	-0.29	0.69	hEd
Train	Rose	Female	-3.62	1.11	-0.97	0.40	-0.40	0.53	0.27	0.37	-0.72	0.94	hAd
Train	Rose	Female	-3.85	2.28	-1.05	-0.34	-0.16	0.41	0.91	-0.39	-0.34	0.26	hYd
Train	Rose	Female	-3.96	1.72	-1.29	0.53	-0.17	0.53	0.28	-0.15	-0.60	1.14	had
Train	Rose	Female	-3.89	2.91	-0.97	-0.67	-0.13	0.52	0.59	0.71	-1.51	0.12	hOd
Train	Rose	Female	-4.47	4.35	-1.74	-0.89	0.45	0.88	0.37	0.58	-0.91	-0.09	hod
Train	Rose	Female	-4.66	4.24	-0.50	-1.02	0.29	0.46	-0.02	0.34	-1.36	0.06	hUd
Train	Rose	Female	-5.04	5.07	-1.72	-0.26	0.28	0.18	0.00	-0.61	-0.18	0.42	hud
Train	Rose	Female	-4.17	1.80	-0.62	0.03	0.71	0.36	-0.34	-0.05	-0.34	0.22	hed
Train	Rose	Female	-5.11	1.97	1.14	1.72	-0.44	-0.43	-0.97	-0.17	0.55	0.18	hid
Train	Rose	Female	-4.54	1.67	0.64	1.28	0.50	-0.80	-0.71	-0.23	-0.55	1.06	hId
Train	Rose	Female	-4.43	1.17	0.01	1.32	0.19	-0.30	-0.12	-0.24	-0.42	0.68	hEd
Train	Rose	Female	-3.62	0.99	-1.11	0.69	-0.69	0.75	0.44	0.17	-0.46	0.74	hAd
Train	Rose	Female	-3.60	2.15	-1.49	-0.14	-0.30	0.81	0.87	-0.49	-0.47	0.41	hYd
Train	Rose	Female	-4.12	1.74	-1.34	0.62	0.03	0.35	0.34	-0.10	-0.54	0.99	had
Train	Rose	Female	-4.07	2.88	-0.86	-0.22	-0.53	0.23	0.86	0.63	-1.45	0.27	hOd
Train	Rose	Female	-4.51	4.26	-1.48	-1.09	0.22	0.83	0.34	0.69	-0.60	-0.06	hod
Train	Rose	Female	-4.65	4.25	-0.82	-0.83	0.67	0.55	-0.30	0.09	-1.34	0.19	hUd
Train	Rose	Female	-5.03	4.99	-1.63	-0.28	0.40	0.18	-0.21	-0.51	-0.28	0.30	hud
Train	Rose	Female	-4.26	1.83	-0.48	-0.19	0.73	0.35	-0.48	0.05	-0.11	0.32	hed
Test	Mike	Male	-1.15	-0.90	-1.99	0.74	-0.06	1.21	0.86	1.20	-0.30	-0.47	hid
Test	Mike	Male	-2.61	-0.09	-0.54	0.48	0.39	1.74	0.20	0.26	-0.38	-0.60	hId
Test	Mike	Male	-2.51	0.63	-0.59	0.30	0.50	0.82	-0.16	0.18	-0.36	-0.76	hEd
Test	Mike	Male	-1.77	1.77	-1.14	-0.74	-0.09	0.12	-0.23	0.22	-0.01	-0.28	hAd
Test	Mike	Male	-2.67	3.15	-0.51	0.13	-0.96	0.23	-0.07	1.19	0.25	-0.47	hYd
Test	Mike	Male	-2.51	1.33	0.35	0.66	-0.72	0.42	-0.50	0.71	0.64	-0.20	had
Test	Mike	Male	-2.76	1.11	0.73	1.54	-0.86	0.26	-1.11	0.23	0.42	0.99	hOd
Test	Mike	Male	-3.82	3.43	0.22	-0.38	-1.73	0.43	-0.32	1.33	0.65	0.58	hod
Test	Mike	Male	-3.84	1.25	0.83	0.98	-1.11	0.62	-0.75	0.08	0.31	1.13	hUd
Test	Mike	Male	-4.98	1.54	0.96	1.25	-0.64	0.59	-0.48	-0.31	-0.25	1.18	hud
Test	Mike	Male	-2.89	0.68	-0.15	0.22	-0.69	1.12	-0.26	0.92	0.76	0.33	hed
Test	Mike	Male	-1.09	-0.92	-2.09	0.84	0.01	1.25	0.89	1.45	-0.09	-0.40	hid
Test	Mike	Male	-2.50	0.12	-0.82	0.35	0.35	1.70	0.25	0.69	-0.08	-0.60	hId
Test	Mike	Male	-2.63	0.67	-0.37	0.44	0.44	0.91	-0.40	-0.04	-0.37	-0.74	hEd
Test	Mike	Male	-1.71	1.65	-1.01	-0.62	-0.29	0.28	-0.28	0.48	0.05	-0.20	hAd
Test	Mike	Male	-2.70	3.13	-0.52	0.29	-0.99	0.02	-0.07	1.11	0.36	-0.40	hYd
Test	Mike	Male	-2.59	1.62	0.27	0.38	-0.78	0.49	-0.21	0.73	0.59	-0.40	had
Test	Mike	Male	-2.73	1.09	0.76	1.69	-0.83	0.29	-1.07	0.27	0.37	1.03	hOd
Test	Mike	Male	-3.84	3.34	0.29	-0.13	-1.68	0.19	-0.37	1.33	0.52	0.86	hod
Test	Mike	Male	-3.91	2.16	0.78	0.64	-1.02	0.60	-0.72	0.27	0.38	0.77	hUd
Test	Mike	Male	-4.85	1.12	0.93	1.62	-0.59	0.59	-0.45	-0.37	-0.45	1.29	hud
Test	Mike	Male	-2.98	0.52	-0.10	0.36	-0.66	1.12	-0.31	0.86	0.64	0.34	hed
Test	Mike	Male	-1.78	-1.07	-1.66	1.32	0.29	1.30	0.92	1.31	-0.35	-0.52	hid
Test	Mike	Male	-1.89	0.21	-1.16	0.03	-0.05	1.58	0.28	1.13	0.37	-0.25	hId
Test	Mike	Male	-2.68	0.49	-0.06	0.52	0.22	1.10	-0.43	-0.10	-0.37	-0.48	hEd
Test	Mike	Male	-1.72	1.19	-0.81	-0.51	-0.35	0.29	-0.40	0.68	0.17	-0.21	hAd
Test	Mike	Male	-2.77	2.91	-0.19	0.35	-0.96	0.09	-0.25	1.00	0.60	-0.34	hYd
Test	Mike	Male	-2.63	1.55	0.30	0.32	-1.05	0.75	0.07	0.60	0.34	-0.41	had
Test	Mike	Male	-2.63	0.88	0.71	1.80	-0.75	0.33	-1.13	0.18	0.34	1.17	hOd
Test	Mike	Male	-3.89	3.09	0.44	0.14	-1.53	-0.05	-0.50	1.09	0.51	0.98	hod
Test	Mike	Male	-3.82	1.83	1.09	1.02	-1.09	0.56	-0.34	0.30	0.13	1.00	hUd
Test	Mike	Male	-4.81	1.04	0.89	1.66	-0.53	0.75	-0.51	-0.45	-0.41	1.21	hud
Test	Mike	Male	-2.97	0.46	-0.19	0.32	-0.63	0.94	-0.33	0.78	0.55	0.44	hed
Test	Mike	Male	-2.70	-1.03	-0.94	1.80	0.39	1.33	0.87	0.78	-0.84	-0.66	hid
Test	Mike	Male	-1.36	0.14	-1.08	-0.15	-0.61	1.46	0.14	1.15	0.48	0.12	hId
Test	Mike	Male	-2.59	0.62	-0.29	0.52	0.26	1.20	-0.34	0.26	-0.33	-0.51	hEd
Test	Mike	Male	-1.79	0.93	-0.74	-0.40	-0.21	0.33	-0.40	0.60	0.20	-0.25	hAd
Test	Mike	Male	-2.92	2.70	-0.12	0.45	-0.86	-0.04	-0.31	0.87	0.62	-0.30	hYd
Test	Mike	Male	-2.70	1.26	0.44	0.66	-1.16	0.81	0.06	0.57	0.18	-0.33	had
Test	Mike	Male	-2.48	0.56	0.62	1.95	-0.65	0.38	-1.11	0.04	0.24	1.29	hOd
Test	Mike	Male	-3.99	3.05	0.30	0.21	-1.26	-0.20	-0.74	0.86	0.55	1.11	hod
Test	Mike	Male	-3.78	1.75	0.92	0.72	-1.16	0.77	-0.01	0.66	0.25	1.05	hUd
Test	Mike	Male	-4.72	0.83	0.85	1.98	-0.55	0.69	-0.43	-0.42	-0.64	1.25	hud
Test	Mike	Male	-3.11	0.93	-0.39	0.25	-0.46	0.82	-0.23	0.82	0.39	0.30	hed
Test	Mike	Male	-3.37	-0.83	-0.41	1.64	0.60	1.23	0.52	0.29	-0.86	-0.67	hid
Test	Mike	Male	-1.53	0.03	-0.93	0.05	-0.56	1.59	0.12	1.12	0.34	0.03	hId
Test	Mike	Male	-1.82	0.56	-0.80	0.23	0.01	1.22	-0.16	0.81	0.02	-0.38	hEd
Test	Mike	Male	-1.97	0.83	-0.67	-0.27	0.03	0.40	-0.44	0.53	0.06	-0.34	hAd
Test	Mike	Male	-3.04	2.47	0.02	0.51	-0.74	-0.10	-0.36	0.71	0.60	-0.21	hYd
Test	Mike	Male	-2.89	1.42	0.41	0.61	-1.02	0.99	0.00	0.52	-0.03	-0.33	had
Test	Mike	Male	-2.71	0.81	0.75	1.90	-0.76	0.38	-1.12	0.16	0.41	1.16	hOd
Test	Mike	Male	-3.99	3.34	0.17	0.09	-1.23	-0.22	-0.82	0.84	0.52	0.98	hod
Test	Mike	Male	-3.81	1.91	0.53	0.48	-0.97	0.94	-0.28	0.72	0.48	0.83	hUd
Test	Mike	Male	-4.68	0.77	0.89	2.30	-0.56	0.40	-0.40	-0.29	-0.84	1.16	hud
Test	Mike	Male	-3.38	1.78	-0.82	0.38	-0.02	0.85	0.12	0.77	0.22	-0.34	hed
Test	Mike	Male	-3.31	-0.78	-0.50	1.39	0.86	1.26	0.22	0.31	-0.71	-0.76	hid
Test	Mike	Male	-2.07	0.09	-0.73	0.30	-0.29	1.75	0.15	1.08	0.29	-0.17	hId
Test	Mike	Male	-1.22	0.49	-0.72	0.00	-0.32	1.11	-0.15	0.77	0.39	-0.07	hEd
Test	Mike	Male	-2.30	0.88	-0.62	-0.04	0.14	0.38	-0.60	0.34	-0.11	-0.39	hAd
Test	Mike	Male	-2.97	2.15	0.13	0.68	-0.79	0.11	-0.51	0.76	0.63	-0.27	hYd
Test	Mike	Male	-2.78	1.43	0.14	0.31	-0.93	1.34	0.02	0.59	-0.04	-0.27	had
Test	Mike	Male	-3.07	1.53	0.95	1.54	-1.06	0.27	-0.96	0.45	0.62	0.97	hOd
Test	Mike	Male	-3.96	4.13	-0.07	-0.19	-1.18	-0.11	-0.68	1.20	0.44	0.56	hod
Test	Mike	Male	-3.95	2.10	0.31	0.46	-0.76	1.04	-0.62	0.74	0.34	0.27	hUd
Test	Mike	Male	-4.76	0.96	0.96	2.29	-0.53	0.45	-0.41	-0.36	-0.86	1.09	hud
Test	Mike	Male	-3.37	1.95	-0.90	0.26	0.28	0.83	0.29	0.68	0.43	-0.46	hed
Test	Nick	Male	-3.14	0.08	-1.16	1.59	0.20	1.90	0.17	0.68	-1.03	-0.63	hid
Test	Nick	Male	-3.26	0.96	-0.79	1.53	-0.02	0.98	-0.12	0.50	-0.99	-0.62	hId
Test	Nick	Male	-2.05	0.82	-1.46	0.65	-0.70	0.35	-0.09	0.79	-0.57	-0.01	hEd
Test	Nick	Male	-1.99	1.73	-1.13	0.56	-1.22	0.49	0.21	-0.04	-0.29	-0.55	hAd
Test	Nick	Male	-2.77	2.82	-2.02	0.21	-0.77	0.85	0.25	-0.19	-0.20	-0.09	hYd
Test	Nick	Male	-2.55	2.39	-1.14	0.09	-0.95	0.22	0.05	0.72	-0.56	-0.20	had
Test	Nick	Male	-3.30	2.88	-0.86	-0.30	-1.02	0.80	0.29	0.86	-0.53	-0.66	hOd
Test	Nick	Male	-4.05	3.90	-0.42	0.15	-1.27	0.20	0.32	0.53	0.58	-0.11	hod
Test	Nick	Male	-4.10	2.84	-0.80	0.06	-0.73	1.30	-0.14	0.44	0.05	-0.61	hUd
Test	Nick	Male	-4.69	3.15	-0.14	0.59	-0.73	1.05	-0.10	-0.02	0.64	-0.19	hud
Test	Nick	Male	-3.73	1.87	-0.80	0.56	-0.43	0.79	0.20	0.65	-0.74	-0.37	hed
Test	Nick	Male	-3.02	0.06	-1.26	1.50	0.17	2.00	0.18	0.85	-1.16	-0.55	hid
Test	Nick	Male	-3.34	1.00	-0.75	1.50	-0.07	1.01	-0.02	0.38	-0.77	-0.90	hId
Test	Nick	Male	-2.01	0.79	-1.49	0.65	-0.69	0.31	-0.09	0.86	-0.52	-0.05	hEd
Test	Nick	Male	-1.95	1.68	-1.04	0.59	-1.17	0.34	0.33	-0.11	-0.20	-0.61	hAd
Test	Nick	Male	-2.79	2.79	-1.92	0.22	-0.99	1.08	0.07	-0.07	-0.26	-0.14	hYd
Test	Nick	Male	-2.54	2.35	-1.03	0.15	-0.92	0.20	-0.06	0.83	-0.71	-0.07	had
Test	Nick	Male	-3.23	3.00	-1.16	-0.31	-0.82	0.87	0.31	0.68	-0.56	-0.70	hOd
Test	Nick	Male	-4.03	4.07	-0.59	0.13	-1.45	0.62	0.20	0.71	0.48	-0.31	hod
Test	Nick	Male	-4.13	3.11	-1.14	0.18	-0.50	1.32	-0.40	0.68	-0.34	-0.69	hUd
Test	Nick	Male	-4.72	3.28	-0.20	0.65	-0.88	1.41	-0.66	0.58	0.24	-0.31	hud
Test	Nick	Male	-3.70	1.84	-0.68	0.44	-0.38	0.89	0.18	0.59	-0.68	-0.41	hed
Test	Nick	Male	-2.97	0.04	-1.27	1.52	0.19	1.98	0.13	0.83	-1.16	-0.55	hid
Test	Nick	Male	-3.48	1.09	-0.67	1.39	-0.03	1.04	-0.05	0.38	-0.76	-0.93	hId
Test	Nick	Male	-1.93	0.78	-1.41	0.60	-0.58	0.22	-0.06	0.73	-0.33	-0.23	hEd
Test	Nick	Male	-1.93	1.58	-1.00	0.67	-1.29	0.38	0.25	0.01	-0.17	-0.64	hAd
Test	Nick	Male	-2.82	2.74	-2.01	0.23	-0.92	1.10	0.09	-0.18	-0.14	-0.09	hYd
Test	Nick	Male	-2.52	2.28	-0.95	0.23	-0.92	0.25	-0.09	0.83	-0.70	-0.09	had
Test	Nick	Male	-3.17	3.17	-1.50	-0.37	-0.44	0.97	0.18	0.56	-0.79	-0.55	hOd
Test	Nick	Male	-4.05	4.04	-0.56	0.06	-1.68	1.02	0.05	1.02	-0.09	-0.28	hod
Test	Nick	Male	-4.13	3.29	-1.42	0.36	-0.27	1.30	-0.45	0.62	-0.53	-0.71	hUd
Test	Nick	Male	-4.75	3.42	-0.19	0.66	-0.98	1.44	-0.65	0.55	0.12	-0.33	hud
Test	Nick	Male	-3.72	1.90	-0.74	0.43	-0.37	1.05	0.12	0.43	-0.68	-0.39	hed
Test	Nick	Male	-3.00	0.04	-1.24	1.53	0.19	2.03	0.10	0.76	-1.18	-0.63	hid
Test	Nick	Male	-3.59	1.19	-0.62	1.34	-0.02	1.10	-0.07	0.37	-0.85	-0.77	hId
Test	Nick	Male	-1.89	0.75	-1.39	0.64	-0.61	0.25	-0.03	0.69	-0.27	-0.35	hEd
Test	Nick	Male	-1.92	1.52	-1.00	0.63	-1.27	0.21	0.38	0.00	-0.14	-0.62	hAd
Test	Nick	Male	-2.80	2.71	-1.94	0.15	-0.92	1.24	-0.08	-0.01	-0.21	-0.06	hYd
Test	Nick	Male	-2.56	2.19	-0.95	0.21	-0.84	0.39	-0.08	0.74	-0.61	-0.20	had
Test	Nick	Male	-3.15	3.18	-1.57	-0.20	-0.49	0.72	0.31	0.65	-0.87	-0.59	hOd
Test	Nick	Male	-4.06	4.11	-0.55	0.03	-1.64	0.90	0.10	0.91	0.05	-0.32	hod
Test	Nick	Male	-4.14	3.36	-1.46	0.46	-0.07	1.04	-0.15	0.17	-0.12	-0.86	hUd
Test	Nick	Male	-4.78	3.33	-0.07	0.66	-0.91	1.01	-0.03	-0.10	0.48	-0.20	hud
Test	Nick	Male	-3.73	1.93	-0.70	0.45	-0.37	1.15	0.05	0.32	-0.63	-0.33	hed
Test	Nick	Male	-3.06	0.09	-1.22	1.56	0.19	2.06	0.05	0.64	-1.12	-0.76	hid
Test	Nick	Male	-3.71	1.38	-0.58	1.43	-0.03	1.06	-0.13	0.33	-1.09	-0.56	hId
Test	Nick	Male	-1.93	0.69	-1.43	0.72	-0.59	0.27	-0.04	0.72	-0.25	-0.28	hEd
Test	Nick	Male	-1.95	1.54	-1.01	0.54	-1.23	0.18	0.46	0.00	-0.18	-0.58	hAd
Test	Nick	Male	-2.80	2.61	-1.73	0.04	-0.94	1.04	0.19	0.04	-0.17	-0.23	hYd
Test	Nick	Male	-2.69	2.11	-1.07	0.17	-0.65	0.43	-0.02	0.65	-0.50	-0.29	had
Test	Nick	Male	-3.19	3.10	-1.66	-0.18	-0.44	0.83	0.27	0.50	-0.86	-0.52	hOd
Test	Nick	Male	-4.07	4.19	-0.56	0.05	-1.60	0.73	-0.06	0.98	0.25	-0.25	hod
Test	Nick	Male	-4.17	3.54	-1.43	0.42	0.27	0.92	-0.12	-0.27	-0.16	-0.71	hUd
Test	Nick	Male	-4.83	3.39	-0.10	0.60	-0.72	0.74	0.09	-0.21	0.52	-0.07	hud
Test	Nick	Male	-3.73	2.10	-0.82	0.46	-0.22	1.14	0.02	0.22	-0.75	-0.32	hed
Test	Nick	Male	-3.12	0.15	-1.23	1.63	0.22	2.03	0.04	0.57	-1.15	-0.77	hid
Test	Nick	Male	-3.87	1.69	-0.61	1.43	0.04	0.84	-0.01	0.13	-1.22	-0.55	hId
Test	Nick	Male	-2.03	0.70	-1.48	0.81	-0.68	0.42	0.02	0.75	-0.30	-0.24	hEd
Test	Nick	Male	-2.00	1.50	-1.00	0.52	-1.24	0.40	0.27	0.15	-0.32	-0.49	hAd
Test	Nick	Male	-2.91	2.54	-1.57	0.07	-1.05	1.21	0.01	0.29	-0.32	-0.34	hYd
Test	Nick	Male	-2.94	2.18	-1.29	0.35	-0.37	0.57	0.05	0.45	-0.70	-0.26	had
Test	Nick	Male	-3.24	2.92	-1.41	-0.46	-0.45	1.22	0.08	0.38	-0.78	-0.41	hOd
Test	Nick	Male	-4.07	4.20	-0.61	-0.06	-1.46	0.48	0.38	0.59	0.41	-0.26	hod
Test	Nick	Male	-4.24	3.78	-1.59	0.81	0.29	0.81	-0.57	-0.25	-0.41	-0.56	hUd
Test	Nick	Male	-4.88	3.63	-0.28	0.50	-0.67	0.79	0.00	-0.14	0.53	-0.18	hud
Test	Nick	Male	-3.76	2.20	-0.72	0.53	-0.28	1.12	0.02	0.13	-0.78	-0.39	hed
Test	Rich	Male	-4.07	0.40	-0.38	1.68	0.12	1.62	0.50	-0.31	-0.23	-0.87	hid
Test	Rich	Male	-2.97	0.66	-1.06	1.36	0.15	1.43	0.20	0.93	-0.45	-0.64	hId
Test	Rich	Male	-2.69	1.12	-0.99	0.17	0.50	0.37	0.09	0.63	-0.72	-0.26	hEd
Test	Rich	Male	-2.48	1.90	-1.29	0.11	0.28	0.10	0.02	0.83	-0.33	-0.76	hAd
Test	Rich	Male	-2.74	2.73	-0.13	-0.49	-0.57	0.87	0.07	0.77	0.05	-0.94	hYd
Test	Rich	Male	-2.43	2.90	-1.34	-0.41	0.37	0.84	-0.02	0.34	0.12	-0.75	had
Test	Rich	Male	-2.97	3.56	-0.40	-0.72	-0.67	0.92	0.29	1.01	0.14	-1.10	hOd
Test	Rich	Male	-4.10	3.81	0.25	-0.10	-0.99	0.10	-0.34	2.04	0.02	-0.43	hod
Test	Rich	Male	-3.86	3.24	-1.00	0.49	-0.35	0.19	0.56	1.34	0.18	-0.32	hUd
Test	Rich	Male	-4.61	2.96	-0.86	1.16	-0.61	0.47	0.16	0.70	0.37	-0.92	hud
Test	Rich	Male	-3.55	1.61	-0.85	0.37	0.17	0.32	0.46	0.86	-1.13	-0.33	hed
Test	Rich	Male	-4.05	0.35	-0.31	1.73	0.13	1.67	0.51	-0.38	-0.36	-0.86	hid
Test	Rich	Male	-3.03	0.69	-1.01	1.45	0.16	1.48	0.18	1.00	-0.54	-0.56	hId
Test	Rich	Male	-2.67	1.13	-1.05	0.23	0.54	0.35	0.16	0.55	-0.69	-0.29	hEd
Test	Rich	Male	-2.39	1.93	-1.50	0.37	0.06	0.01	0.15	0.81	-0.48	-0.67	hAd
Test	Rich	Male	-2.76	2.84	-0.28	-0.45	-0.49	0.79	0.12	0.79	0.02	-0.95	hYd
Test	Rich	Male	-2.46	2.76	-0.98	-0.65	0.16	1.05	-0.14	0.20	0.25	-0.75	had
Test	Rich	Male	-3.05	3.31	0.17	-0.61	-1.03	0.92	0.35	0.90	0.37	-0.87	hOd
Test	Rich	Male	-4.09	3.71	0.31	-0.05	-0.93	0.02	-0.35	1.77	0.24	-0.30	hod
Test	Rich	Male	-3.99	3.58	-1.10	0.37	-0.12	0.29	0.66	0.96	0.02	-0.48	hUd
Test	Rich	Male	-4.60	3.04	-0.96	0.83	-0.30	0.31	0.42	0.57	0.39	-0.62	hud
Test	Rich	Male	-3.71	1.49	-0.49	0.40	0.18	0.19	0.23	1.03	-0.86	-0.41	hed
Test	Rich	Male	-3.89	0.12	-0.41	1.97	0.04	1.89	0.41	-0.09	-0.44	-1.01	hid
Test	Rich	Male	-3.05	0.72	-1.02	1.42	0.18	1.47	0.26	0.98	-0.43	-0.72	hId
Test	Rich	Male	-2.62	1.18	-1.16	0.40	0.46	0.34	0.30	0.46	-0.62	-0.31	hEd
Test	Rich	Male	-2.30	1.95	-1.49	0.31	0.05	0.06	0.03	0.90	-0.52	-0.64	hAd
Test	Rich	Male	-2.79	2.66	0.04	-0.44	-0.60	0.81	0.10	0.72	0.13	-0.91	hYd
Test	Rich	Male	-2.44	2.68	-0.82	-0.74	0.08	1.12	-0.06	0.02	0.28	-0.72	had
Test	Rich	Male	-3.02	3.26	0.35	-0.58	-1.18	0.87	0.56	0.76	0.40	-0.67	hOd
Test	Rich	Male	-3.98	3.69	0.10	-0.33	-1.01	0.17	-0.11	1.67	0.26	-0.23	hod
Test	Rich	Male	-3.96	3.37	-1.24	0.15	0.03	0.66	0.56	0.84	-0.13	-0.32	hUd
Test	Rich	Male	-4.62	3.03	-0.91	0.60	-0.34	0.64	0.29	0.53	0.48	-0.56	hud
Test	Rich	Male	-3.79	1.42	-0.37	0.57	0.12	0.19	0.08	1.01	-0.72	-0.39	hed
Test	Rich	Male	-3.68	-0.19	-0.56	2.38	0.10	1.85	0.30	0.30	-0.36	-1.21	hid
Test	Rich	Male	-3.03	0.70	-1.08	1.27	0.20	1.45	0.32	0.95	-0.32	-0.83	hId
Test	Rich	Male	-2.60	1.22	-1.32	0.59	0.31	0.36	0.45	0.35	-0.56	-0.31	hEd
Test	Rich	Male	-2.32	2.01	-1.37	0.18	0.21	0.07	0.04	0.81	-0.33	-0.75	hAd
Test	Rich	Male	-2.70	2.69	-0.04	-0.53	-0.63	0.92	0.17	0.65	0.10	-0.94	hYd
Test	Rich	Male	-2.44	2.53	-0.49	-0.81	-0.15	1.28	0.08	-0.06	0.29	-0.64	had
Test	Rich	Male	-2.97	3.13	0.50	-0.49	-1.37	0.70	0.66	0.68	0.47	-0.52	hOd
Test	Rich	Male	-3.88	3.82	-0.16	-0.67	-1.21	0.54	0.02	1.97	-0.03	-0.29	hod
Test	Rich	Male	-3.90	2.77	-0.82	-0.01	-0.13	0.17	0.31	1.20	0.25	-0.12	hUd
Test	Rich	Male	-4.72	3.06	-0.68	0.53	-0.48	0.73	0.17	0.49	0.63	-0.47	hud
Test	Rich	Male	-3.69	1.37	-0.39	0.38	0.14	0.34	0.16	1.01	-0.61	-0.55	hed
Test	Rich	Male	-3.64	-0.22	-0.58	2.31	0.05	1.95	0.28	0.27	-0.54	-1.23	hid
Test	Rich	Male	-3.03	0.45	-0.95	0.93	0.13	1.51	0.14	0.93	-0.10	-0.97	hId
Test	Rich	Male	-2.82	1.27	-1.13	0.71	0.40	0.41	0.29	0.32	-0.69	-0.38	hEd
Test	Rich	Male	-2.38	1.98	-1.10	-0.10	0.37	0.20	-0.13	0.75	-0.14	-0.96	hAd
Test	Rich	Male	-2.54	2.92	-0.38	-0.75	-0.56	0.98	0.30	0.54	0.13	-0.96	hYd
Test	Rich	Male	-2.51	2.36	-0.18	-0.79	-0.32	1.36	0.30	-0.12	0.21	-0.62	had
Test	Rich	Male	-2.95	2.64	0.83	-0.39	-1.50	0.27	0.76	0.54	0.62	-0.40	hOd
Test	Rich	Male	-3.98	3.66	0.17	-0.60	-1.41	0.57	0.01	1.94	0.09	-0.15	hod
Test	Rich	Male	-4.08	2.32	-0.38	0.52	-0.02	-0.21	-0.17	1.05	0.39	0.17	hUd
Test	Rich	Male	-4.80	3.23	-0.50	0.60	-0.53	0.75	0.09	0.44	0.76	-0.42	hud
Test	Rich	Male	-3.66	1.29	-0.43	0.34	0.10	0.36	0.25	0.91	-0.41	-0.51	hed
Test	Rich	Male	-3.34	-0.35	-0.79	2.13	-0.06	2.08	0.29	0.25	-0.69	-1.24	hid
Test	Rich	Male	-3.00	0.22	-0.86	0.80	-0.01	1.79	-0.01	1.07	-0.06	-1.05	hId
Test	Rich	Male	-3.05	1.27	-0.80	0.51	0.52	0.51	0.04	0.30	-0.73	-0.43	hEd
Test	Rich	Male	-2.45	1.99	-1.08	-0.09	0.37	0.32	-0.16	0.68	-0.18	-1.01	hAd
Test	Rich	Male	-2.54	2.72	-0.07	-0.79	-0.90	0.97	0.52	0.32	0.28	-0.82	hYd
Test	Rich	Male	-2.70	2.07	0.20	-0.63	-0.34	1.23	0.40	-0.03	0.25	-0.70	had
Test	Rich	Male	-3.02	2.22	1.00	-0.46	-1.51	0.05	0.86	0.47	0.66	-0.34	hOd
Test	Rich	Male	-4.12	3.18	0.53	-0.18	-1.31	0.13	-0.28	1.35	0.46	-0.01	hod
Test	Rich	Male	-4.05	2.63	-0.60	0.82	-0.27	0.05	0.05	0.88	0.36	-0.20	hUd
Test	Rich	Male	-4.89	3.37	-0.46	0.54	-0.33	0.50	0.27	0.47	0.74	-0.14	hud
Test	Rich	Male	-3.66	1.12	-0.46	0.48	0.08	0.22	0.19	0.86	-0.24	-0.41	hed
Test	Tim	Male	-2.46	-0.20	-1.26	1.15	0.23	1.83	0.07	0.74	-1.38	-0.50	hid
Test	Tim	Male	-2.91	0.76	-0.82	1.25	0.42	1.17	0.05	0.33	-0.96	-0.61	hId
Test	Tim	Male	-2.01	1.13	-1.03	0.20	0.66	0.36	0.46	0.37	-0.94	-0.61	hEd
Test	Tim	Male	-2.10	1.50	-0.32	-0.36	0.03	0.12	0.16	-0.07	-0.11	-0.40	hAd
Test	Tim	Male	-2.57	1.87	-0.27	0.19	-0.66	0.27	-0.33	0.18	0.35	-0.51	hYd
Test	Tim	Male	-2.35	1.60	-0.28	0.39	-0.42	0.27	-0.46	0.39	0.25	-0.50	had
Test	Tim	Male	-3.01	2.88	-0.90	0.21	-0.56	-0.20	0.45	0.31	0.41	-0.30	hOd
Test	Tim	Male	-3.82	3.54	-2.07	0.25	-0.44	1.13	0.73	0.54	-0.01	-0.64	hod
Test	Tim	Male	-4.02	3.52	-1.06	-0.20	-0.55	1.35	0.35	0.82	-0.87	-0.43	hUd
Test	Tim	Male	-4.02	0.94	-0.62	1.46	0.02	1.90	-0.07	0.46	-0.54	-0.21	hud
Test	Tim	Male	-3.21	1.85	-0.39	0.56	0.43	0.31	0.07	0.08	-0.16	-0.94	hed
Test	Tim	Male	-2.38	-0.27	-1.37	1.09	0.24	1.84	0.11	0.70	-1.26	-0.62	hid
Test	Tim	Male	-2.96	0.77	-0.80	0.96	0.66	1.01	0.35	-0.01	-0.43	-0.75	hId
Test	Tim	Male	-2.21	1.09	-0.63	0.02	0.91	0.66	0.24	0.35	-0.70	-0.91	hEd
Test	Tim	Male	-2.13	1.49	-0.30	-0.27	0.01	0.07	0.15	0.02	-0.13	-0.32	hAd
Test	Tim	Male	-2.60	1.87	-0.21	0.21	-0.57	0.15	-0.21	0.12	0.40	-0.54	hYd
Test	Tim	Male	-2.38	1.57	-0.24	0.41	-0.43	0.23	-0.29	0.30	0.37	-0.51	had
Test	Tim	Male	-3.12	2.88	-0.75	-0.05	-0.43	-0.05	0.45	0.31	0.54	-0.49	hOd
Test	Tim	Male	-3.91	3.70	-1.97	0.13	-0.21	0.93	0.81	0.50	-0.14	-0.52	hod
Test	Tim	Male	-4.14	3.65	-0.75	-0.07	-0.79	1.13	0.50	0.79	-0.88	-0.35	hUd
Test	Tim	Male	-4.03	0.98	-0.65	1.48	-0.05	2.11	-0.15	0.47	-0.65	-0.19	hud
Test	Tim	Male	-3.27	1.93	-0.32	0.60	0.44	0.34	0.05	0.13	-0.16	-0.99	hed
Test	Tim	Male	-2.38	-0.29	-1.40	1.05	0.21	1.90	0.15	0.65	-1.29	-0.61	hid
Test	Tim	Male	-2.94	0.71	-0.86	0.90	0.63	0.92	0.47	0.01	-0.34	-0.59	hId
Test	Tim	Male	-2.31	1.09	-0.59	0.11	0.93	0.73	0.21	0.27	-0.68	-0.91	hEd
Test	Tim	Male	-2.16	1.53	-0.27	-0.29	-0.03	0.12	0.17	-0.02	-0.27	-0.27	hAd
Test	Tim	Male	-2.64	1.88	-0.39	0.20	-0.57	0.09	-0.23	0.28	0.43	-0.60	hYd
Test	Tim	Male	-2.46	1.59	-0.36	0.38	-0.24	0.13	-0.16	0.30	0.44	-0.71	had
Test	Tim	Male	-3.24	2.90	-0.63	-0.33	-0.42	0.23	0.54	0.14	0.62	-0.62	hOd
Test	Tim	Male	-3.98	3.68	-1.24	-0.36	-0.22	0.59	0.76	0.60	0.07	-0.25	hod
Test	Tim	Male	-4.09	3.59	-0.85	-0.03	-0.54	0.96	0.67	0.65	-0.41	-0.48	hUd
Test	Tim	Male	-4.14	1.13	-0.60	1.55	-0.02	2.04	-0.18	0.26	-0.55	-0.36	hud
Test	Tim	Male	-3.24	1.80	-0.48	0.70	0.42	0.34	0.12	0.27	-0.20	-1.07	hed
Test	Tim	Male	-2.45	-0.32	-1.37	1.04	0.17	1.99	0.16	0.59	-1.32	-0.59	hid
Test	Tim	Male	-2.96	0.60	-0.76	0.89	0.58	0.84	0.54	0.04	-0.23	-0.58	hId
Test	Tim	Male	-2.29	1.11	-0.82	0.23	0.87	0.62	0.34	0.30	-0.84	-0.83	hEd
Test	Tim	Male	-2.17	1.63	-0.33	-0.20	-0.16	0.25	0.18	-0.09	-0.35	-0.27	hAd
Test	Tim	Male	-2.72	1.98	-0.64	0.34	-0.68	0.16	-0.34	0.48	0.38	-0.73	hYd
Test	Tim	Male	-2.58	1.61	-0.31	0.27	-0.15	0.26	-0.06	0.17	0.34	-0.69	had
Test	Tim	Male	-3.31	2.95	-0.81	-0.30	-0.46	0.32	0.51	0.15	0.53	-0.72	hOd
Test	Tim	Male	-4.05	3.75	-1.24	-0.30	-0.43	0.92	0.52	0.72	-0.21	-0.13	hod
Test	Tim	Male	-4.04	3.51	-0.96	0.04	-0.40	0.98	0.65	0.66	-0.22	-0.33	hUd
Test	Tim	Male	-4.32	1.34	-0.55	1.68	0.03	1.92	-0.23	0.16	-0.47	-0.44	hud
Test	Tim	Male	-3.33	1.79	-0.52	0.60	0.50	0.28	0.12	0.18	-0.16	-0.98	hed
Test	Tim	Male	-2.46	-0.32	-1.40	0.93	0.12	2.05	0.27	0.53	-1.11	-0.77	hid
Test	Tim	Male	-2.90	0.46	-0.66	0.83	0.61	0.81	0.57	0.04	-0.11	-0.62	hId
Test	Tim	Male	-2.32	1.10	-0.83	0.26	0.82	0.59	0.40	0.33	-0.85	-0.77	hEd
Test	Tim	Male	-2.15	1.65	-0.35	-0.08	-0.19	0.30	0.15	-0.08	-0.31	-0.31	hAd
Test	Tim	Male	-2.73	2.03	-0.71	0.38	-0.77	0.28	-0.47	0.69	0.20	-0.74	hYd
Test	Tim	Male	-2.73	1.60	-0.15	0.17	0.01	0.38	0.08	-0.04	0.17	-0.67	had
Test	Tim	Male	-3.34	3.03	-1.19	-0.27	-0.36	0.54	0.49	0.15	0.37	-0.93	hOd
Test	Tim	Male	-4.05	3.75	-1.15	-0.21	-0.53	0.87	0.44	0.72	-0.13	0.14	hod
Test	Tim	Male	-4.14	3.45	-0.65	0.27	-0.60	0.79	0.56	0.52	-0.12	-0.33	hUd
Test	Tim	Male	-4.46	1.51	-0.51	1.76	0.06	1.86	-0.33	0.19	-0.52	-0.41	hud
Test	Tim	Male	-3.41	1.82	-0.68	0.76	0.26	0.47	-0.09	0.32	-0.39	-0.97	hed
Test	Tim	Male	-2.39	-0.35	-1.47	0.84	0.09	2.02	0.42	0.50	-0.86	-0.98	hid
Test	Tim	Male	-2.92	0.46	-0.72	0.96	0.63	0.83	0.50	0.05	-0.13	-0.64	hId
Test	Tim	Male	-2.38	1.01	-0.75	0.37	0.79	0.47	0.41	0.32	-0.80	-0.68	hEd
Test	Tim	Male	-2.10	1.60	-0.30	-0.07	-0.17	0.28	0.15	-0.09	-0.30	-0.37	hAd
Test	Tim	Male	-2.71	2.07	-0.69	0.31	-0.75	0.27	-0.41	0.60	0.36	-0.71	hYd
Test	Tim	Male	-2.86	1.59	-0.03	0.20	0.17	0.44	0.21	-0.07	-0.01	-0.71	had
Test	Tim	Male	-3.34	3.01	-1.26	-0.34	-0.12	0.50	0.59	0.08	0.22	-0.82	hOd
Test	Tim	Male	-4.04	3.69	-1.01	-0.14	-0.54	0.59	0.54	0.47	0.19	0.17	hod
Test	Tim	Male	-4.17	3.07	-0.78	0.52	-0.63	1.01	0.53	0.44	-0.10	-0.46	hUd
Test	Tim	Male	-4.49	1.53	-0.50	1.72	0.04	1.89	-0.37	0.36	-0.58	-0.29	hud
Test	Tim	Male	-3.29	1.55	-0.90	0.92	0.13	0.40	-0.01	0.50	-0.56	-0.71	hed
Test	Sarah	Female	-3.41	-0.54	0.24	2.04	0.62	1.03	-0.70	-0.66	-0.42	0.78	hid
Test	Sarah	Female	-3.44	1.01	0.02	1.49	0.78	0.26	-0.78	-0.28	-0.71	0.75	hId
Test	Sarah	Female	-2.81	1.51	-0.09	0.60	-0.03	-0.29	-0.44	0.11	-0.14	0.66	hEd
Test	Sarah	Female	-2.03	2.16	-0.30	-0.21	-0.27	0.09	-0.18	-0.18	-0.28	0.29	hAd
Test	Sarah	Female	-2.26	3.34	-1.16	-0.63	-0.16	0.93	0.13	-0.33	-0.78	0.31	hYd
Test	Sarah	Female	-2.59	2.58	-0.37	-0.52	-0.18	0.51	-0.14	0.09	-0.73	0.07	had
Test	Sarah	Female	-2.70	3.60	-0.57	-1.04	-0.71	1.01	0.40	0.43	-1.01	-0.01	hOd
Test	Sarah	Female	-3.44	3.20	-0.70	-0.86	-0.54	1.50	0.92	0.47	-0.18	-0.92	hod
Test	Sarah	Female	-3.96	4.14	-0.93	-0.09	-0.61	0.79	0.33	0.18	-0.49	-0.72	hUd
Test	Sarah	Female	-4.47	3.19	-0.16	0.12	-0.33	0.41	-0.20	0.92	-0.72	-0.93	hud
Test	Sarah	Female	-3.01	2.25	-0.81	0.39	-0.11	0.65	-0.33	0.32	-0.56	0.23	hed
Test	Sarah	Female	-3.70	-0.20	0.27	1.57	0.88	1.37	-0.94	-0.69	-0.16	0.60	hid
Test	Sarah	Female	-3.30	0.70	-0.21	1.63	0.82	0.29	-0.54	-0.20	-0.72	0.77	hId
Test	Sarah	Female	-2.64	1.32	-0.11	0.86	0.03	-0.35	-0.43	0.08	-0.23	0.78	hEd
Test	Sarah	Female	-1.95	2.14	-0.07	-0.21	-0.24	0.26	-0.27	-0.24	-0.34	0.15	hAd
Test	Sarah	Female	-2.25	3.42	-0.89	-0.82	-0.30	0.77	0.19	-0.24	-0.79	0.05	hYd
Test	Sarah	Female	-2.49	2.40	-0.44	-0.37	-0.07	0.53	0.01	0.12	-0.62	-0.19	had
Test	Sarah	Female	-2.78	3.56	-0.44	-1.04	-0.57	1.27	0.22	0.29	-0.99	-0.04	hOd
Test	Sarah	Female	-3.36	3.24	-0.65	-0.90	-0.66	1.43	0.90	0.40	-0.14	-0.73	hod
Test	Sarah	Female	-3.91	3.67	-0.65	0.09	-0.37	0.20	0.42	0.34	-0.01	-0.25	hUd
Test	Sarah	Female	-4.39	3.06	0.08	-0.02	-0.44	0.57	-0.29	0.94	-0.58	-1.01	hud
Test	Sarah	Female	-3.07	2.55	-0.85	0.50	0.04	0.57	-0.38	0.15	-0.61	0.19	hed
Test	Sarah	Female	-3.70	-0.25	0.27	1.59	0.85	1.38	-0.87	-0.71	-0.19	0.57	hid
Test	Sarah	Female	-3.27	0.58	-0.26	1.48	0.87	0.30	-0.50	-0.01	-0.62	0.88	hId
Test	Sarah	Female	-2.68	1.41	-0.10	1.05	-0.04	-0.13	-0.56	-0.03	-0.19	0.70	hEd
Test	Sarah	Female	-1.90	2.13	0.09	-0.11	-0.14	0.08	-0.07	-0.10	-0.41	-0.10	hAd
Test	Sarah	Female	-2.31	3.63	-1.20	-0.67	-0.30	0.77	0.20	-0.28	-0.84	0.19	hYd
Test	Sarah	Female	-2.49	2.38	-0.52	-0.16	-0.18	0.41	0.20	0.06	-0.59	-0.26	had
Test	Sarah	Female	-2.90	3.39	-0.41	-0.99	-0.59	1.32	0.24	0.23	-1.07	-0.09	hOd
Test	Sarah	Female	-3.38	3.33	-0.80	-0.85	-0.68	1.20	0.84	0.24	-0.30	-0.62	hod
Test	Sarah	Female	-3.83	3.19	-0.39	0.05	-0.19	-0.03	0.50	0.27	0.33	0.10	hUd
Test	Sarah	Female	-4.28	2.83	0.30	0.09	-0.54	0.50	-0.32	1.00	-0.34	-1.11	hud
Test	Sarah	Female	-3.19	2.62	-0.83	0.45	0.01	0.44	-0.35	0.13	-0.61	0.08	hed
Test	Sarah	Female	-3.49	-0.47	0.19	1.75	0.73	1.31	-0.82	-0.79	-0.22	0.41	hid
Test	Sarah	Female	-3.15	0.61	-0.28	1.29	0.88	0.34	-0.62	0.07	-0.52	0.89	hId
Test	Sarah	Female	-2.76	1.51	-0.14	1.16	-0.26	0.04	-0.65	-0.32	-0.13	0.81	hEd
Test	Sarah	Female	-1.96	2.29	-0.09	-0.26	-0.01	0.02	-0.23	-0.07	-0.27	-0.02	hAd
Test	Sarah	Female	-2.36	3.74	-1.39	-0.36	-0.35	1.00	0.21	-0.38	-1.05	0.72	hYd
Test	Sarah	Female	-2.58	2.45	-0.38	0.17	-0.41	0.38	0.19	0.10	-0.49	-0.08	had
Test	Sarah	Female	-2.92	3.48	-0.82	-0.75	-0.42	1.04	0.61	0.18	-1.17	0.12	hOd
Test	Sarah	Female	-3.39	3.29	-0.75	-0.70	-0.90	0.89	0.88	0.46	-0.46	-0.64	hod
Test	Sarah	Female	-3.82	3.16	-0.30	-0.06	-0.35	0.19	0.59	0.21	0.53	-0.01	hUd
Test	Sarah	Female	-4.30	2.78	0.24	0.18	-0.44	0.26	-0.31	1.17	-0.23	-1.12	hud
Test	Sarah	Female	-3.27	2.49	-0.76	0.35	-0.09	0.43	-0.27	0.24	-0.52	0.01	hed
Test	Sarah	Female	-2.85	-0.81	-0.31	1.57	0.69	1.47	-0.66	-0.92	-0.28	0.49	hid
Test	Sarah	Female	-3.38	0.95	-0.06	1.47	0.54	0.05	-0.68	-0.10	-0.41	0.91	hId
Test	Sarah	Female	-2.84	1.56	-0.08	1.23	-0.29	-0.04	-0.37	-0.39	-0.18	0.85	hEd
Test	Sarah	Female	-2.02	2.49	-0.42	-0.12	0.09	-0.03	-0.40	-0.08	-0.14	0.07	hAd
Test	Sarah	Female	-2.41	3.85	-1.40	-0.30	-0.40	1.07	0.22	-0.29	-1.12	1.04	hYd
Test	Sarah	Female	-2.71	2.56	-0.44	0.32	-0.35	0.43	0.09	-0.04	-0.43	0.34	had
Test	Sarah	Female	-2.88	3.58	-1.20	-0.56	-0.16	0.97	0.76	-0.03	-1.02	0.35	hOd
Test	Sarah	Female	-3.39	3.42	-0.72	-0.67	-0.87	0.79	0.96	0.56	-0.48	-0.72	hod
Test	Sarah	Female	-3.97	3.24	-0.83	0.07	-0.62	0.98	0.53	0.50	-0.19	-0.91	hUd
Test	Sarah	Female	-4.51	3.08	0.07	0.05	-0.48	0.34	-0.26	1.30	-0.52	-1.06	hud
Test	Sarah	Female	-3.29	2.60	-0.58	0.42	-0.23	0.39	-0.24	0.44	-0.54	-0.02	hed
Test	Sarah	Female	-2.53	-0.93	-0.57	1.61	0.63	1.23	-0.69	-0.81	-0.35	0.63	hid
Test	Sarah	Female	-3.50	1.67	0.08	1.53	0.38	-0.14	-0.81	-0.21	-0.31	1.05	hId
Test	Sarah	Female	-2.85	1.41	-0.18	1.28	0.00	-0.15	-0.17	-0.42	-0.31	0.87	hEd
Test	Sarah	Female	-2.03	2.43	-0.41	0.06	0.22	-0.03	-0.42	-0.01	-0.31	0.34	hAd
Test	Sarah	Female	-2.46	3.71	-1.30	-0.34	-0.49	1.13	0.19	-0.21	-1.07	0.94	hYd
Test	Sarah	Female	-2.88	2.66	-0.57	0.43	-0.25	0.21	0.18	-0.28	-0.40	0.61	had
Test	Sarah	Female	-2.82	3.68	-1.41	-0.56	0.03	0.87	0.69	-0.14	-0.93	0.28	hOd
Test	Sarah	Female	-3.40	3.87	-1.03	-0.60	-0.57	0.78	1.21	0.23	-0.67	-0.56	hod
Test	Sarah	Female	-3.90	3.15	-1.26	0.30	-0.22	1.05	0.58	0.35	-0.52	-0.87	hUd
Test	Sarah	Female	-4.57	3.34	0.00	-0.09	-0.55	0.48	-0.17	1.19	-0.56	-1.02	hud
Test	Sarah	Female	-3.35	2.71	-0.47	0.40	-0.20	0.25	-0.22	0.53	-0.36	-0.09	hed
Test	Sue	Female	-4.71	1.17	1.24	1.75	0.31	-0.31	-0.69	-0.14	-0.29	1.02	hid
Test	Sue	Female	-4.06	1.92	0.52	1.33	0.27	-0.17	-0.37	-0.67	-0.51	0.72	hId
Test	Sue	Female	-3.10	1.38	-0.17	1.39	-0.61	-0.14	-0.01	-0.56	-0.06	1.13	hEd
Test	Sue	Female	-2.93	1.85	-0.90	0.69	-1.00	0.50	0.21	-0.28	-0.20	0.60	hAd
Test	Sue	Female	-2.94	2.64	-1.22	0.38	-0.99	1.47	0.13	-0.46	-0.47	0.65	hYd
Test	Sue	Female	-3.07	1.78	-0.92	0.70	0.17	0.66	-0.09	-0.36	-0.77	0.95	had
Test	Sue	Female	-3.32	3.39	-1.71	0.75	-0.21	1.43	0.00	-0.19	-1.33	0.03	hOd
Test	Sue	Female	-3.75	4.27	-1.85	-0.23	0.38	0.88	-0.05	-0.26	-0.77	-0.11	hod
Test	Sue	Female	-4.04	2.06	-0.73	0.89	0.30	0.41	-0.38	-0.19	-0.61	0.41	hUd
Test	Sue	Female	-4.08	2.24	-0.28	1.88	0.72	-0.29	-0.54	-0.54	-0.66	0.24	hud
Test	Sue	Female	-3.48	2.63	-0.38	0.84	0.20	0.10	-0.16	-0.55	-0.79	1.02	hed
Test	Sue	Female	-4.69	1.01	1.31	1.80	0.31	-0.41	-0.66	0.11	-0.32	0.84	hid
Test	Sue	Female	-4.01	2.10	0.29	1.29	0.45	-0.02	-0.56	-0.59	-0.34	0.69	hId
Test	Sue	Female	-2.97	1.15	-0.29	1.61	-0.72	0.12	-0.09	-0.80	0.04	1.07	hEd
Test	Sue	Female	-3.03	1.75	-0.90	0.67	-1.05	0.56	0.20	-0.16	-0.24	0.65	hAd
Test	Sue	Female	-2.93	2.67	-1.24	0.40	-1.03	1.55	0.05	-0.59	-0.33	0.60	hYd
Test	Sue	Female	-3.08	1.82	-0.90	0.73	0.16	0.61	-0.08	-0.38	-0.74	0.85	had
Test	Sue	Female	-3.40	3.44	-1.80	0.81	-0.16	1.45	-0.11	-0.50	-1.20	-0.05	hOd
Test	Sue	Female	-3.80	4.31	-1.60	-0.48	0.04	0.90	0.13	-0.14	-0.65	-0.32	hod
Test	Sue	Female	-4.08	2.19	-0.49	0.69	0.25	0.42	-0.56	-0.12	-0.53	0.38	hUd
Test	Sue	Female	-4.05	2.38	-0.30	2.00	0.83	-0.18	-0.77	-0.41	-0.79	0.16	hud
Test	Sue	Female	-3.45	2.56	-0.42	0.85	0.33	0.06	-0.18	-0.49	-0.79	0.95	hed
Test	Sue	Female	-4.76	1.20	1.43	1.54	0.26	-0.28	-0.74	0.08	-0.26	0.88	hid
Test	Sue	Female	-4.00	2.14	0.29	1.09	0.70	-0.13	-0.63	-0.40	-0.50	0.86	hId
Test	Sue	Female	-2.96	1.15	-0.37	1.51	-0.58	0.15	-0.01	-0.95	-0.05	1.16	hEd
Test	Sue	Female	-3.05	1.52	-0.73	0.83	-1.21	0.50	0.33	-0.14	-0.26	0.75	hAd
Test	Sue	Female	-2.97	2.78	-1.28	0.35	-0.94	1.50	0.00	-0.42	-0.56	0.73	hYd
Test	Sue	Female	-3.21	1.90	-0.93	0.73	0.26	0.56	-0.22	-0.34	-0.68	0.76	had
Test	Sue	Female	-3.49	3.45	-1.73	0.70	-0.23	1.34	0.09	-0.70	-1.14	-0.05	hOd
Test	Sue	Female	-3.85	4.27	-1.52	-0.47	-0.23	1.07	-0.02	0.00	-0.58	-0.51	hod
Test	Sue	Female	-4.05	2.34	-0.41	0.73	0.23	0.43	-0.49	-0.22	-0.62	0.34	hUd
Test	Sue	Female	-4.00	2.28	-0.37	2.11	1.01	-0.03	-0.82	-0.39	-0.90	0.10	hud
Test	Sue	Female	-3.45	2.44	-0.37	0.93	0.19	0.14	-0.10	-0.56	-0.89	0.99	hed
Test	Sue	Female	-4.76	1.30	1.23	1.55	0.31	-0.15	-0.79	-0.12	-0.11	0.88	hid
Test	Sue	Female	-3.99	2.01	0.50	0.85	0.77	-0.11	-0.64	-0.28	-0.73	0.88	hId
Test	Sue	Female	-2.96	1.12	-0.35	1.58	-0.67	0.13	-0.03	-0.89	-0.13	1.11	hEd
Test	Sue	Female	-3.06	1.40	-0.69	0.96	-1.29	0.55	0.34	-0.30	-0.17	0.69	hAd
Test	Sue	Female	-2.96	2.81	-1.32	0.32	-0.78	1.37	0.13	-0.37	-0.68	0.49	hYd
Test	Sue	Female	-3.37	2.01	-0.92	0.84	0.22	0.54	-0.32	-0.37	-0.50	0.65	had
Test	Sue	Female	-3.55	3.39	-1.70	0.56	-0.07	1.07	0.24	-0.63	-1.07	-0.18	hOd
Test	Sue	Female	-3.85	4.21	-1.56	-0.34	-0.31	1.13	-0.15	0.24	-0.92	-0.44	hod
Test	Sue	Female	-3.96	2.27	-0.53	0.98	0.33	0.51	-0.36	-0.43	-0.71	0.41	hUd
Test	Sue	Female	-3.98	2.19	-0.43	2.16	1.11	0.02	-0.85	-0.47	-0.86	0.04	hud
Test	Sue	Female	-3.51	2.54	-0.26	0.95	-0.07	0.16	-0.11	-0.66	-0.79	0.91	hed
Test	Sue	Female	-4.75	1.33	1.09	1.76	0.22	-0.20	-0.78	-0.15	0.02	0.85	hid
Test	Sue	Female	-3.97	2.00	0.39	1.03	0.66	-0.19	-0.45	-0.40	-0.77	0.97	hId
Test	Sue	Female	-2.96	1.06	-0.35	1.75	-0.85	0.34	-0.37	-0.73	0.05	0.81	hEd
Test	Sue	Female	-3.19	1.59	-0.77	0.81	-1.09	0.62	0.22	-0.45	0.00	0.53	hAd
Test	Sue	Female	-2.93	2.83	-1.36	0.32	-0.74	1.43	0.00	-0.17	-0.94	0.61	hYd
Test	Sue	Female	-3.46	2.03	-0.86	0.89	0.28	0.44	-0.31	-0.39	-0.60	0.73	had
Test	Sue	Female	-3.52	3.32	-1.87	0.69	0.26	0.82	0.14	-0.62	-1.10	0.08	hOd
Test	Sue	Female	-3.84	4.25	-1.62	-0.22	-0.28	0.86	0.15	0.13	-0.92	-0.45	hod
Test	Sue	Female	-3.86	2.13	-0.58	1.00	0.50	0.65	-0.28	-0.47	-0.98	0.61	hUd
Test	Sue	Female	-4.06	2.36	-0.31	1.89	1.10	0.05	-0.87	-0.52	-0.98	-0.06	hud
Test	Sue	Female	-3.59	2.78	-0.30	0.81	-0.01	-0.02	-0.27	-0.56	-0.79	0.95	hed
Test	Sue	Female	-4.69	1.15	1.09	1.91	0.20	-0.30	-0.69	-0.10	-0.14	0.88	hid
Test	Sue	Female	-3.92	1.92	0.27	1.36	0.45	-0.19	-0.24	-0.63	-0.62	1.04	hId
Test	Sue	Female	-3.00	1.09	-0.33	1.65	-0.68	0.29	-0.30	-0.69	-0.14	0.71	hEd
Test	Sue	Female	-3.34	1.71	-0.77	0.77	-0.98	0.63	0.08	-0.44	-0.08	0.61	hAd
Test	Sue	Female	-2.90	2.80	-1.20	0.23	-0.82	1.26	0.26	-0.08	-1.10	0.42	hYd
Test	Sue	Female	-3.57	2.08	-0.58	0.85	0.13	0.38	-0.18	-0.51	-0.85	0.99	had
Test	Sue	Female	-3.57	3.41	-1.58	0.56	0.00	0.76	0.28	-0.47	-1.41	0.59	hOd
Test	Sue	Female	-3.79	4.29	-1.53	-0.13	-0.31	0.62	0.32	-0.05	-0.94	-0.30	hod
Test	Sue	Female	-3.86	2.11	-0.65	0.99	0.72	0.64	-0.29	-0.52	-1.05	0.65	hUd
Test	Sue	Female	-4.12	2.54	-0.20	1.62	1.11	-0.06	-0.73	-0.54	-0.91	-0.10	hud
Test	Sue	Female	-3.64	2.72	-0.18	0.67	0.10	-0.08	-0.33	-0.36	-1.05	0.98	hed
Test	Wendy	Female	-4.05	0.91	0.73	1.48	0.26	0.21	-1.12	-0.42	-0.34	0.98	hid
Test	Wendy	Female	-3.81	2.12	0.28	1.55	0.75	0.49	-0.58	-0.43	-0.99	0.65	hId
Test	Wendy	Female	-3.44	1.98	-0.40	1.02	-0.05	-0.17	-0.44	0.17	-0.68	1.04	hEd
Test	Wendy	Female	-2.58	2.09	-1.45	0.89	-0.46	0.28	-0.21	-0.25	-0.14	1.21	hAd
Test	Wendy	Female	-3.12	3.13	-1.47	-0.35	-0.02	0.75	0.14	-0.23	-0.38	0.72	hYd
Test	Wendy	Female	-2.87	3.13	-1.30	0.01	-0.29	0.48	0.26	-0.34	-0.61	0.83	had
Test	Wendy	Female	-3.06	2.89	-0.85	-0.36	-0.48	1.02	0.50	0.51	-0.73	0.08	hOd
Test	Wendy	Female	-3.64	3.58	-1.03	-0.76	0.05	1.25	0.84	0.51	-0.26	-0.45	hod
Test	Wendy	Female	-3.98	2.98	0.31	-0.26	0.03	0.82	-0.32	0.49	-0.67	-0.66	hUd
Test	Wendy	Female	-4.01	2.14	-0.18	1.04	0.69	0.71	-0.88	-0.20	-1.07	-0.55	hud
Test	Wendy	Female	-3.45	2.26	-0.85	0.43	0.49	0.27	-0.22	0.01	-1.08	0.76	hed
Test	Wendy	Female	-3.84	0.51	0.64	1.72	0.28	0.30	-0.91	-0.59	-0.63	1.02	hid
Test	Wendy	Female	-3.71	1.66	0.14	1.55	0.98	0.92	-0.40	-0.23	-1.15	0.74	hId
Test	Wendy	Female	-3.37	1.78	-0.60	1.30	0.01	-0.04	-0.46	-0.01	-0.59	1.05	hEd
Test	Wendy	Female	-2.63	2.09	-1.43	0.94	-0.62	0.43	-0.31	-0.20	0.04	0.93	hAd
Test	Wendy	Female	-3.07	3.06	-1.47	-0.38	0.23	0.79	-0.10	-0.14	-0.40	0.57	hYd
Test	Wendy	Female	-2.90	2.99	-1.15	0.06	-0.48	0.62	0.34	-0.37	-0.69	0.79	had
Test	Wendy	Female	-3.03	2.90	-0.80	-0.45	-0.50	1.04	0.68	0.48	-0.78	-0.06	hOd
Test	Wendy	Female	-3.63	3.59	-1.08	-0.71	0.06	1.05	0.88	0.63	-0.11	-0.44	hod
Test	Wendy	Female	-3.92	2.73	0.41	-0.16	-0.02	0.89	-0.19	0.55	-0.51	-0.62	hUd
Test	Wendy	Female	-4.05	2.22	-0.08	0.93	0.69	0.73	-0.93	-0.14	-1.09	-0.58	hud
Test	Wendy	Female	-3.43	2.23	-0.75	0.36	0.44	0.43	-0.19	0.01	-1.17	0.79	hed
Test	Wendy	Female	-3.66	0.30	0.53	1.82	0.33	0.44	-0.86	-0.73	-0.81	1.00	hid
Test	Wendy	Female	-3.67	1.51	0.04	1.60	0.91	1.04	-0.17	-0.29	-1.13	0.59	hId
Test	Wendy	Female	-3.24	1.62	-0.83	1.59	0.09	0.05	-0.50	-0.21	-0.51	1.00	hEd
Test	Wendy	Female	-2.63	2.08	-1.32	0.83	-0.55	0.29	-0.17	-0.20	0.00	0.80	hAd
Test	Wendy	Female	-3.05	3.06	-1.67	-0.21	0.47	0.72	-0.24	-0.17	-0.31	0.41	hYd
Test	Wendy	Female	-2.92	2.90	-1.07	-0.08	-0.26	0.55	0.32	-0.32	-0.78	0.79	had
Test	Wendy	Female	-3.05	2.82	-0.70	-0.40	-0.64	0.92	0.67	0.69	-0.61	-0.05	hOd
Test	Wendy	Female	-3.66	3.62	-1.05	-0.75	0.08	1.02	0.91	0.61	0.02	-0.45	hod
Test	Wendy	Female	-3.92	2.58	0.47	-0.06	-0.04	0.88	-0.13	0.61	-0.50	-0.54	hUd
Test	Wendy	Female	-4.09	2.50	-0.15	1.02	0.68	0.54	-1.02	-0.13	-1.14	-0.42	hud
Test	Wendy	Female	-3.40	2.26	-0.60	0.41	0.20	0.37	0.07	0.04	-1.35	0.87	hed
Test	Wendy	Female	-3.57	0.23	0.52	1.79	0.38	0.57	-0.96	-0.74	-0.94	1.01	hid
Test	Wendy	Female	-3.58	1.25	-0.06	1.65	0.79	1.13	0.10	-0.29	-1.13	0.47	hId
Test	Wendy	Female	-3.23	1.55	-0.83	1.67	-0.04	0.30	-0.55	-0.44	-0.41	0.96	hEd
Test	Wendy	Female	-2.64	2.02	-1.26	0.76	-0.44	0.16	-0.03	-0.14	-0.16	0.86	hAd
Test	Wendy	Female	-3.05	3.06	-1.60	-0.12	0.14	0.76	0.12	-0.40	-0.40	0.48	hYd
Test	Wendy	Female	-2.94	2.78	-1.11	-0.08	0.00	0.58	0.25	-0.40	-0.77	0.84	had
Test	Wendy	Female	-3.10	2.85	-0.82	-0.40	-0.60	1.09	0.57	0.74	-0.68	0.05	hOd
Test	Wendy	Female	-3.71	3.63	-0.89	-0.79	-0.09	1.22	0.81	0.56	0.06	-0.45	hod
Test	Wendy	Female	-3.95	2.55	0.45	0.00	0.04	0.79	-0.10	0.68	-0.64	-0.55	hUd
Test	Wendy	Female	-4.14	2.74	-0.12	0.91	0.67	0.48	-1.18	-0.24	-0.89	-0.37	hud
Test	Wendy	Female	-3.33	2.14	-0.53	0.44	0.10	0.32	0.22	0.14	-1.39	0.75	hed
Test	Wendy	Female	-3.46	0.04	0.55	1.85	0.39	0.57	-1.00	-0.64	-1.04	1.05	hid
Test	Wendy	Female	-3.55	1.06	-0.01	1.46	0.85	1.12	0.07	-0.03	-1.32	0.56	hId
Test	Wendy	Female	-3.32	1.55	-0.59	1.69	-0.26	0.39	-0.48	-0.46	-0.52	0.93	hEd
Test	Wendy	Female	-2.71	1.94	-1.25	0.77	-0.34	0.11	-0.06	0.04	-0.32	1.02	hAd
Test	Wendy	Female	-3.02	3.01	-1.49	-0.10	-0.13	0.93	0.23	-0.46	-0.56	0.60	hYd
Test	Wendy	Female	-2.90	2.74	-1.12	0.01	0.07	0.65	0.21	-0.45	-0.81	0.75	had
Test	Wendy	Female	-3.18	3.00	-1.10	-0.37	-0.42	1.32	0.48	0.47	-0.81	0.11	hOd
Test	Wendy	Female	-3.74	3.63	-0.87	-0.79	-0.31	1.76	0.68	0.56	-0.52	-0.49	hod
Test	Wendy	Female	-3.95	2.49	0.29	0.01	0.14	0.89	-0.09	0.61	-0.69	-0.62	hUd
Test	Wendy	Female	-4.21	2.81	0.02	0.80	0.51	0.50	-1.22	-0.24	-0.80	-0.39	hud
Test	Wendy	Female	-3.31	2.26	-0.62	0.37	0.25	0.44	0.01	0.12	-1.22	0.69	hed
Test	Wendy	Female	-3.50	0.07	0.53	1.88	0.36	0.54	-0.98	-0.67	-1.01	1.10	hid
Test	Wendy	Female	-3.62	1.07	0.16	1.39	0.88	1.02	-0.09	0.09	-1.33	0.58	hId
Test	Wendy	Female	-3.47	1.81	-0.39	1.55	-0.08	-0.01	-0.48	-0.23	-0.72	0.97	hEd
Test	Wendy	Female	-2.80	1.96	-1.26	0.79	-0.27	0.08	-0.11	0.00	-0.31	1.14	hAd
Test	Wendy	Female	-3.00	2.94	-1.38	-0.19	-0.13	0.96	0.35	-0.39	-0.71	0.62	hYd
Test	Wendy	Female	-2.92	2.73	-1.14	0.07	0.10	0.68	0.16	-0.40	-0.88	0.83	had
Test	Wendy	Female	-3.24	3.08	-1.43	-0.20	-0.28	1.42	0.58	0.07	-0.91	0.15	hOd
Test	Wendy	Female	-3.75	3.61	-0.90	-0.75	-0.40	1.76	0.62	0.75	-0.83	-0.30	hod
Test	Wendy	Female	-3.98	2.46	0.07	0.02	0.24	1.03	-0.19	0.52	-0.77	-0.50	hUd
Test	Wendy	Female	-4.26	2.92	0.06	0.79	0.32	0.51	-1.28	-0.14	-0.86	-0.39	hud
Test	Wendy	Female	-3.29	2.32	-0.68	0.28	0.44	0.56	-0.23	0.12	-1.05	0.70	hed